x,y,radius,charge,species,electrons
-200.006,-120.010,2.500,-0.0000,DMC,1
-195.007,-120.000,2.500,-0.0000,EC,1
-192.162,-119.949,0.760,1.0000,LithiumIon,0
-189.346,-120.000,2.500,-0.0000,EC,1
-199.992,-117.397,0.760,1.0000,LithiumIon,0
-199.999,-114.844,2.500,-0.0000,EC,1
-182.557,-120.003,2.500,-0.0000,EC,1
-179.924,-118.975,0.760,1.0000,LithiumIon,0
-177.228,-118.027,2.500,-0.0000,EC,1
-200.001,-107.344,2.500,-0.0000,EC,1
-200.000,-104.434,0.760,1.0000,LithiumIon,0
-195.943,-104.424,2.500,-0.0000,EC,1
-200.001,-101.503,2.500,-0.0000,EC,1
-193.106,-104.455,0.760,1.0000,LithiumIon,0
-190.284,-104.524,2.500,-0.0000,EC,1
-185.929,-106.975,2.500,-0.0000,DMC,1
-186.011,-101.934,2.500,-0.0000,DMC,1
-171.566,-120.010,2.500,-0.0000,EC,1
-165.606,-120.179,0.760,1.0000,LithiumIon,0
-163.039,-119.950,2.500,-0.0000,EC,1
-169.750,-117.873,0.760,1.0000,LithiumIon,0
-171.139,-115.525,2.000,-1.0000,ElectrolyteAnion,1
-167.178,-118.048,2.000,-1.0000,ElectrolyteAnion,1
-168.461,-115.823,0.760,1.0000,LithiumIon,0
-167.024,-113.426,2.500,-0.0000,EC,1
-158.042,-120.002,2.500,-0.0000,EC,1
-155.129,-119.801,0.760,1.0000,LithiumIon,0
-152.453,-120.001,2.500,-0.0000,EC,1
-157.006,-114.589,2.500,-0.0000,DMC,1
-173.839,-111.926,2.500,-0.0000,EC,1
-173.653,-109.098,0.760,1.0000,LithiumIon,0
-173.463,-106.279,2.500,-0.0000,EC,1
-164.188,-108.254,2.500,-0.0000,DMC,1
-173.981,-101.306,2.500,-0.0000,DMC,1
-158.824,-106.229,2.500,-0.0000,DMC,1
-151.919,-104.831,2.500,-0.0000,DMC,1
-144.936,-120.007,2.500,-0.0000,EC,1
-138.934,-119.983,2.500,-0.0000,EC,1
-146.015,-117.399,0.760,1.0000,LithiumIon,0
-147.276,-114.847,2.500,-0.0000,EC,1
-136.287,-120.138,0.760,1.0000,LithiumIon,0
-132.959,-120.131,0.760,1.0000,LithiumIon,0
-130.443,-119.975,2.500,-0.0000,EC,1
-125.449,-119.999,2.500,-0.0000,DMC,1
-134.696,-118.419,2.000,-1.0000,ElectrolyteAnion,1
-134.619,-116.046,0.760,1.0000,LithiumIon,0
-137.470,-114.872,2.500,-0.0000,DMC,1
-132.268,-114.050,2.500,-0.0000,DMC,1
-147.750,-100.514,2.500,-0.0000,DMC,1
-132.169,-108.302,2.000,-1.0000,ElectrolyteAnion,1
-127.337,-109.955,2.000,-1.0000,ElectrolyteAnion,1
-129.675,-108.716,0.760,1.0000,LithiumIon,0
-126.689,-107.600,0.760,1.0000,LithiumIon,0
-133.719,-106.207,0.760,1.0000,LithiumIon,0
-132.360,-103.513,2.500,-0.0000,EC,1
-128.752,-106.202,2.000,-1.0000,ElectrolyteAnion,1
-126.922,-102.001,2.500,-0.0000,EC,1
-120.450,-120.001,2.500,-0.0000,EC,1
-117.569,-119.957,0.760,1.0000,LithiumIon,0
-114.685,-120.000,2.500,-0.0000,EC,1
-122.847,-115.613,2.500,-0.0000,DMC,1
-109.687,-120.000,2.500,-0.0000,DMC,1
-104.695,-120.001,2.500,-0.0000,EC,1
-101.921,-119.884,0.760,1.0000,LithiumIon,0
-112.187,-115.669,2.500,-0.0000,DMC,1
-107.186,-115.661,2.500,-0.0000,DMC,1
-124.802,-110.879,0.760,1.0000,LithiumIon,0
-122.213,-110.784,2.000,-1.0000,ElectrolyteAnion,1
-124.637,-106.476,2.000,-1.0000,ElectrolyteAnion,1
-120.442,-109.039,0.760,1.0000,LithiumIon,0
-119.953,-106.562,2.000,-1.0000,ElectrolyteAnion,1
-122.106,-105.522,0.760,1.0000,LithiumIon,0
-124.922,-103.881,0.760,1.0000,LithiumIon,0
-122.379,-103.148,2.000,-1.0000,ElectrolyteAnion,1
-114.601,-104.991,2.500,-0.0000,DMC,1
-106.302,-109.060,2.500,-0.0000,DMC,1
-101.306,-109.990,2.500,-0.0000,DMC,1
-103.014,-105.294,2.500,-0.0000,EC,1
-103.455,-102.508,0.760,1.0000,LithiumIon,0
-99.113,-120.001,2.500,-0.0000,EC,1
-93.171,-120.000,2.500,-0.0000,EC,1
-90.360,-120.013,0.760,1.0000,LithiumIon,0
-87.526,-119.600,2.500,-0.0000,EC,1
-90.640,-115.688,2.500,-0.0000,EC,1
-82.551,-120.001,2.500,-0.0000,DMC,1
-77.552,-120.000,2.500,-0.0000,DMC,1
-84.567,-115.424,2.500,-0.0000,DMC,1
-90.777,-110.691,2.500,-0.0000,EC,1
-90.821,-107.810,0.760,1.0000,LithiumIon,0
-90.761,-105.020,2.500,-0.0000,EC,1
-91.088,-100.031,2.500,-0.0000,EC,1
-82.829,-107.142,2.500,-0.0000,DMC,1
-76.801,-106.382,0.760,1.0000,LithiumIon,0
-86.442,-101.892,2.500,-0.0000,EC,1
-81.708,-100.251,2.500,-0.0000,EC,1
-78.736,-104.271,2.500,-0.0000,EC,1
-75.522,-100.440,2.500,-0.0000,DMC,1
-72.554,-120.000,2.500,-0.0000,EC,1
-69.717,-119.958,0.760,1.0000,LithiumIon,0
-66.855,-120.002,2.500,-0.0000,EC,1
-74.965,-113.454,2.500,-0.0000,DMC,1
-63.061,-116.745,2.500,-0.0000,DMC,1
-59.266,-120.000,2.500,-0.0000,DMC,1
-52.473,-120.007,2.500,-0.0000,EC,1
-53.874,-117.549,0.760,1.0000,LithiumIon,0
-55.241,-115.037,2.500,-0.0000,EC,1
-70.474,-110.839,2.500,-0.0000,DMC,1
-74.869,-108.457,2.500,-0.0000,EC,1
-61.668,-109.271,2.500,-0.0000,DMC,1
-57.064,-107.323,2.500,-0.0000,EC,1
-53.885,-110.718,2.000,-1.0000,ElectrolyteAnion,1
-54.317,-108.040,0.760,1.0000,LithiumIon,0
-51.872,-108.955,0.760,1.0000,LithiumIon,0
-52.296,-106.358,2.000,-1.0000,ElectrolyteAnion,1
-50.069,-102.448,2.500,-0.0000,EC,1
-52.174,-100.618,0.760,1.0000,LithiumIon,0
-44.821,-120.000,2.500,-0.0000,EC,1
-41.979,-119.952,0.760,1.0000,LithiumIon,0
-39.130,-120.000,2.500,-0.0000,EC,1
-34.142,-119.660,2.500,-0.0000,DMC,1
-27.893,-120.002,2.500,-0.0000,EC,1
-32.964,-116.244,0.760,1.0000,LithiumIon,0
-35.210,-114.777,2.000,-1.0000,ElectrolyteAnion,1
-30.082,-115.507,2.500,-0.0000,EC,1
-49.288,-109.944,2.500,-0.0000,EC,1
-37.536,-105.456,2.000,-1.0000,ElectrolyteAnion,1
-39.592,-101.453,2.500,-0.0000,EC,1
-35.981,-112.408,0.760,1.0000,LithiumIon,0
-36.719,-109.877,2.500,-0.0000,EC,1
-33.039,-105.323,2.500,-0.0000,EC,1
-36.906,-100.684,0.760,1.0000,LithiumIon,0
-34.077,-100.395,2.500,-0.0000,EC,1
-30.351,-104.712,0.760,1.0000,LithiumIon,0
-28.193,-106.034,2.000,-1.0000,ElectrolyteAnion,1
-27.803,-103.619,0.760,1.0000,LithiumIon,0
-29.894,-102.036,2.000,-1.0000,ElectrolyteAnion,1
-25.397,-102.381,2.500,-0.0000,EC,1
-21.750,-119.998,2.500,-0.0000,DMC,1
-16.753,-120.000,2.500,-0.0000,EC,1
-13.918,-119.962,0.760,1.0000,LithiumIon,0
-19.342,-115.614,2.500,-0.0000,DMC,1
-11.049,-120.000,2.500,-0.0000,EC,1
-5.729,-120.007,2.500,-0.0000,EC,1
-1.338,-119.032,2.000,-1.0000,ElectrolyteAnion,1
-7.420,-117.734,0.760,1.0000,LithiumIon,0
-9.044,-115.361,2.500,-0.0000,EC,1
-1.077,-116.418,0.760,1.0000,LithiumIon,0
-3.917,-115.335,2.500,-0.0000,EC,1
-18.997,-110.374,2.500,-0.0000,EC,1
-24.110,-107.921,2.500,-0.0000,EC,1
-21.604,-109.135,0.760,1.0000,LithiumIon,0
-14.909,-107.495,2.500,-0.0000,DMC,1
-21.081,-103.641,2.000,-1.0000,ElectrolyteAnion,1
-16.695,-102.635,2.500,-0.0000,EC,1
-18.361,-100.408,0.760,1.0000,LithiumIon,0
-11.158,-110.809,2.500,-0.0000,DMC,1
-6.498,-111.650,2.000,-1.0000,ElectrolyteAnion,1
-8.235,-106.753,2.500,-0.0000,DMC,1
-1.495,-110.241,0.760,1.0000,LithiumIon,0
-3.425,-108.116,2.500,-0.0000,EC,1
-11.725,-103.172,2.500,-0.0000,DMC,1
-200.000,-95.490,2.500,-0.0000,DMC,1
-199.990,-90.494,2.500,-0.0000,EC,1
-199.999,-87.655,0.760,1.0000,LithiumIon,0
-195.878,-87.638,2.500,-0.0000,EC,1
-182.248,-98.641,2.500,-0.0000,DMC,1
-178.641,-88.048,2.500,-0.0000,EC,1
-200.002,-84.801,2.500,-0.0000,EC,1
-193.001,-87.277,0.760,1.0000,LithiumIon,0
-190.186,-86.831,2.500,-0.0000,EC,1
-196.704,-81.046,2.500,-0.0000,DMC,1
-200.001,-77.288,2.500,-0.0000,EC,1
-188.009,-77.175,2.500,-0.0000,DMC,1
-185.193,-86.948,2.500,-0.0000,EC,1
-181.418,-84.506,2.000,-1.0000,ElectrolyteAnion,1
-176.181,-86.566,0.760,1.0000,LithiumIon,0
-179.310,-83.384,0.760,1.0000,LithiumIon,0
-177.152,-82.248,2.000,-1.0000,ElectrolyteAnion,1
-183.006,-80.295,2.500,-0.0000,EC,1
-180.481,-78.963,0.760,1.0000,LithiumIon,0
-177.920,-77.814,2.500,-0.0000,EC,1
-172.559,-92.714,2.500,-0.0000,DMC,1
-155.196,-88.979,2.500,-0.0000,DMC,1
-150.264,-88.920,2.000,-1.0000,ElectrolyteAnion,1
-173.725,-85.168,2.500,-0.0000,EC,1
-166.555,-82.142,2.500,-0.0000,DMC,1
-172.656,-80.287,2.500,-0.0000,DMC,1
-173.764,-75.036,2.500,-0.0000,DMC,1
-157.095,-84.125,2.500,-0.0000,DMC,1
-152.409,-87.404,0.760,1.0000,LithiumIon,0
-161.060,-78.893,2.500,-0.0000,DMC,1
-153.471,-78.906,2.500,-0.0000,EC,1
-199.960,-74.460,0.760,1.0000,LithiumIon,0
-200.000,-71.614,2.500,-0.0000,EC,1
-190.948,-71.605,2.500,-0.0000,DMC,1
-200.003,-65.243,2.500,-0.0000,EC,1
-197.372,-60.992,2.500,-0.0000,EC,1
-198.781,-58.536,0.760,1.0000,LithiumIon,0
-188.255,-60.427,2.500,-0.0000,DMC,1
-200.005,-56.089,2.500,-0.0000,EC,1
-198.737,-51.256,2.500,-0.0000,DMC,1
-185.944,-55.999,2.500,-0.0000,EC,1
-184.593,-53.531,0.760,1.0000,LithiumIon,0
-183.223,-51.043,2.500,-0.0000,EC,1
-172.537,-70.189,2.500,-0.0000,DMC,1
-164.233,-67.565,2.500,-0.0000,EC,1
-167.199,-63.539,2.500,-0.0000,DMC,1
-156.583,-74.994,2.500,-0.0000,EC,1
-158.690,-73.088,0.760,1.0000,LithiumIon,0
-160.815,-71.211,2.500,-0.0000,EC,1
-151.827,-73.453,2.500,-0.0000,DMC,1
-158.171,-66.967,2.500,-0.0000,DMC,1
-164.324,-56.404,2.500,-0.0000,DMC,1
-169.321,-56.089,2.500,-0.0000,EC,1
-166.550,-51.928,2.500,-0.0000,EC,1
-160.290,-59.413,2.500,-0.0000,EC,1
-160.433,-56.567,0.760,1.0000,LithiumIon,0
-156.290,-57.350,2.000,-1.0000,ElectrolyteAnion,1
-151.996,-58.693,2.500,-0.0000,EC,1
-159.806,-53.771,2.500,-0.0000,EC,1
-150.556,-54.413,2.000,-1.0000,ElectrolyteAnion,1
-154.853,-53.088,2.500,-0.0000,EC,1
-155.951,-50.507,0.760,1.0000,LithiumIon,0
-149.582,-95.863,2.500,-0.0000,EC,1
-147.900,-93.536,0.760,1.0000,LithiumIon,0
-146.368,-91.170,2.500,-0.0000,EC,1
-130.648,-98.649,2.500,-0.0000,DMC,1
-145.937,-75.086,2.500,-0.0000,DMC,1
-135.143,-81.820,2.500,-0.0000,DMC,1
-121.380,-96.748,2.500,-0.0000,EC,1
-119.080,-95.058,0.760,1.0000,LithiumIon,0
-116.765,-93.370,2.500,-0.0000,EC,1
-103.987,-99.769,2.500,-0.0000,EC,1
-104.737,-94.826,2.500,-0.0000,EC,1
-119.385,-81.680,2.500,-0.0000,DMC,1
-114.582,-83.447,2.500,-0.0000,DMC,1
-120.116,-76.611,2.500,-0.0000,DMC,1
-115.503,-78.534,2.500,-0.0000,EC,1
-113.274,-76.456,0.760,1.0000,LithiumIon,0
-106.641,-76.198,2.500,-0.0000,DMC,1
-101.655,-76.564,2.500,-0.0000,DMC,1
-141.543,-72.700,2.500,-0.0000,DMC,1
-145.686,-64.214,2.500,-0.0000,DMC,1
-140.696,-64.535,2.500,-0.0000,DMC,1
-135.736,-65.163,2.500,-0.0000,DMC,1
-128.047,-63.172,2.500,-0.0000,EC,1
-146.876,-58.393,2.500,-0.0000,DMC,1
-149.702,-56.868,0.760,1.0000,LithiumIon,0
-138.109,-60.249,2.500,-0.0000,DMC,1
-149.297,-50.095,2.500,-0.0000,EC,1
-145.175,-52.921,2.500,-0.0000,DMC,1
-133.149,-60.886,2.500,-0.0000,EC,1
-135.076,-56.273,2.500,-0.0000,DMC,1
-130.580,-62.084,0.760,1.0000,LithiumIon,0
-131.969,-52.358,2.500,-0.0000,DMC,1
-125.324,-53.399,2.500,-0.0000,DMC,1
-112.635,-69.749,2.500,-0.0000,DMC,1
-124.624,-66.814,2.500,-0.0000,DMC,1
-111.373,-74.587,2.500,-0.0000,EC,1
-107.732,-71.160,2.500,-0.0000,DMC,1
-103.204,-68.706,2.500,-0.0000,DMC,1
-103.749,-63.676,2.500,-0.0000,DMC,1
-100.779,-63.072,0.760,1.0000,LithiumIon,0
-123.201,-61.952,2.500,-0.0000,DMC,1
-103.643,-58.617,2.500,-0.0000,DMC,1
-103.242,-50.891,2.500,-0.0000,EC,1
-200.000,-46.225,2.500,-0.0000,EC,1
-199.925,-43.403,0.760,1.0000,LithiumIon,0
-200.000,-40.579,2.500,-0.0000,EC,1
-195.569,-37.896,2.500,-0.0000,DMC,1
-181.232,-46.457,2.500,-0.0000,EC,1
-178.760,-37.968,2.500,-0.0000,EC,1
-200.000,-35.580,2.500,-0.0000,DMC,1
-200.003,-30.584,2.500,-0.0000,DMC,1
-195.498,-28.207,2.500,-0.0000,DMC,1
-198.467,-28.059,0.760,1.0000,LithiumIon,0
-200.003,-25.512,2.500,-0.0000,DMC,1
-183.707,-34.709,2.500,-0.0000,DMC,1
-179.013,-32.975,2.500,-0.0000,EC,1
-179.750,-30.228,0.760,1.0000,LithiumIon,0
-180.434,-27.514,2.500,-0.0000,EC,1
-165.866,-49.154,0.760,1.0000,LithiumIon,0
-164.990,-46.508,2.500,-0.0000,EC,1
-161.923,-49.804,2.000,-1.0000,ElectrolyteAnion,1
-157.709,-48.229,2.500,-0.0000,EC,1
-150.565,-44.597,2.500,-0.0000,EC,1
-159.610,-43.532,2.500,-0.0000,DMC,1
-156.946,-41.764,0.760,1.0000,LithiumIon,0
-154.908,-43.425,2.000,-1.0000,ElectrolyteAnion,1
-156.109,-39.046,2.500,-0.0000,EC,1
-162.669,-27.748,2.500,-0.0000,DMC,1
-153.218,-34.967,2.500,-0.0000,DMC,1
-200.001,-20.333,2.500,-0.0000,EC,1
-199.590,-17.523,0.760,1.0000,LithiumIon,0
-199.308,-14.706,2.500,-0.0000,EC,1
-178.463,-22.919,2.500,-0.0000,DMC,1
-187.450,-18.138,2.500,-0.0000,DMC,1
-184.318,-14.240,2.500,-0.0000,DMC,1
-176.318,-17.449,2.500,-0.0000,EC,1
-195.869,-11.080,2.500,-0.0000,DMC,1
-200.003,-8.272,2.500,-0.0000,EC,1
-199.967,-5.477,0.760,1.0000,LithiumIon,0
-200.008,-2.689,2.500,-0.0000,EC,1
-196.305,-0.134,2.000,-1.0000,ElectrolyteAnion,1
-184.455,-8.468,2.500,-0.0000,DMC,1
-175.484,-9.399,2.500,-0.0000,DMC,1
-164.730,-19.506,2.500,-0.0000,DMC,1
-173.472,-17.154,0.760,1.0000,LithiumIon,0
-171.602,-15.210,2.000,-1.0000,ElectrolyteAnion,1
-168.816,-12.920,0.760,1.0000,LithiumIon,0
-167.089,-15.102,2.500,-0.0000,EC,1
-159.777,-20.484,2.500,-0.0000,DMC,1
-155.144,-22.581,2.500,-0.0000,DMC,1
-154.777,-17.596,2.500,-0.0000,EC,1
-152.522,-15.932,0.760,1.0000,LithiumIon,0
-154.966,-12.624,2.000,-1.0000,ElectrolyteAnion,1
-150.626,-13.815,2.500,-0.0000,EC,1
-170.684,-10.793,2.500,-0.0000,EC,1
-163.523,-7.769,2.500,-0.0000,DMC,1
-171.801,-5.919,2.500,-0.0000,DMC,1
-167.270,-3.374,2.500,-0.0000,DMC,1
-157.284,-8.769,2.500,-0.0000,EC,1
-152.252,-9.035,2.500,-0.0000,EC,1
-156.588,-6.019,0.760,1.0000,LithiumIon,0
-160.448,-3.078,2.500,-0.0000,EC,1
-158.969,-0.642,0.760,1.0000,LithiumIon,0
-155.308,-3.466,2.500,-0.0000,EC,1
-150.986,-4.717,2.000,-1.0000,ElectrolyteAnion,1
-149.769,-47.279,0.760,1.0000,LithiumIon,0
-144.568,-45.998,2.500,-0.0000,DMC,1
-139.447,-44.586,2.750,0.0000,SEI,0
-149.715,-39.671,2.500,-0.0000,DMC,1
-143.351,-40.592,2.750,0.0000,SEI,0
-138.470,-38.481,1.520,-0.0000,FoilMetal,1
-135.254,-48.263,2.750,0.0000,SEI,0
-128.098,-49.195,2.500,-0.0000,DMC,1
-131.030,-45.145,2.500,-0.0000,DMC,1
-125.900,-44.704,2.500,-0.0000,DMC,1
-136.956,-41.117,1.520,-0.0000,LithiumMetal,1
-135.430,-38.483,1.520,-0.0000,FoilMetal,1
-132.390,-38.483,1.520,-0.0000,FoilMetal,1
-130.866,-41.118,1.520,-0.0000,LithiumMetal,1
-127.826,-41.118,1.520,-0.0000,LithiumMetal,1
-129.350,-38.483,1.520,-0.0000,FoilMetal,1
-126.310,-38.483,1.520,-0.0000,FoilMetal,1
-143.934,-33.758,2.750,0.0000,SEI,0
-141.107,-36.959,1.520,-0.0000,LithiumMetal,1
-138.473,-35.441,1.520,-0.0000,FoilMetal,1
-138.474,-32.401,1.520,-0.0000,FoilMetal,1
-142.623,-28.349,2.750,0.0000,SEI,0
-138.475,-29.361,1.520,-0.0000,FoilMetal,1
-138.474,-26.321,1.520,-0.0000,FoilMetal,1
-135.433,-35.443,1.520,-0.0000,FoilMetal,1
-132.393,-35.443,1.520,-0.0000,FoilMetal,1
-135.434,-32.403,1.520,-0.0000,FoilMetal,1
-132.394,-32.403,1.520,-0.0000,FoilMetal,1
-129.353,-35.443,1.520,-0.0000,FoilMetal,1
-126.313,-35.443,1.520,-0.0000,FoilMetal,1
-129.354,-32.403,1.520,-0.0000,FoilMetal,1
-126.314,-32.403,1.520,-0.0000,FoilMetal,1
-135.435,-29.363,1.520,-0.0000,FoilMetal,1
-132.395,-29.363,1.520,-0.0000,FoilMetal,1
-135.434,-26.323,1.520,-0.0000,FoilMetal,1
-132.394,-26.323,1.520,-0.0000,FoilMetal,1
-129.355,-29.363,1.520,-0.0000,FoilMetal,1
-126.315,-29.363,1.520,-0.0000,FoilMetal,1
-129.354,-26.323,1.520,-0.0000,FoilMetal,1
-126.314,-26.323,1.520,-0.0000,FoilMetal,1
-123.110,-48.914,2.500,-0.0000,EC,1
-120.365,-48.794,0.760,1.0000,LithiumIon,0
-120.668,-44.266,2.750,0.0000,SEI,0
-117.448,-48.470,2.500,-0.0000,EC,1
-115.427,-43.897,2.500,-0.0000,DMC,1
-123.270,-38.477,1.520,-0.0000,FoilMetal,1
-120.637,-39.996,1.520,-1.0000,LithiumMetal,2
-118.006,-38.473,1.520,-0.0000,LithiumMetal,1
-112.546,-39.811,2.500,-0.0000,DMC,1
-112.471,-47.993,2.500,-0.0000,DMC,1
-109.634,-43.876,2.500,-0.0000,DMC,1
-107.458,-38.518,2.750,0.0000,SEI,0
-123.273,-35.437,1.520,-0.0000,FoilMetal,1
-120.639,-36.954,1.520,-0.0000,LithiumMetal,1
-123.274,-32.397,1.520,-0.0000,FoilMetal,1
-120.639,-33.914,1.520,-0.0000,LithiumMetal,1
-118.007,-35.433,1.520,-0.0000,LithiumMetal,1
-115.374,-36.952,1.520,-0.0000,LithiumMetal,1
-112.742,-35.432,1.520,-0.0000,LithiumMetal,1
-118.007,-32.393,1.520,-0.0000,LithiumMetal,1
-115.375,-33.913,1.520,-0.0000,LithiumMetal,1
-112.743,-32.391,1.520,-0.0000,LithiumMetal,1
-123.275,-29.357,1.520,-0.0000,FoilMetal,1
-120.640,-30.874,1.520,-0.0000,LithiumMetal,1
-123.274,-26.317,1.520,-0.0000,FoilMetal,1
-120.640,-27.835,1.520,-0.0000,LithiumMetal,1
-118.008,-29.354,1.520,-0.0000,LithiumMetal,1
-115.375,-30.873,1.520,-0.0000,LithiumMetal,1
-118.008,-26.314,1.520,-0.0000,LithiumMetal,1
-115.376,-27.835,1.520,-0.0000,LithiumMetal,1
-112.744,-26.317,1.520,-0.0000,LithiumMetal,1
-109.839,-33.283,1.520,-0.0000,LithiumMetal,1
-106.821,-32.932,1.520,-0.0000,LithiumMetal,1
-103.793,-32.708,1.520,-0.0000,LithiumMetal,1
-100.756,-32.758,1.520,-0.0000,LithiumMetal,1
-108.302,-30.277,1.520,-0.0000,LithiumMetal,1
-110.111,-27.835,1.520,-0.0000,LithiumMetal,1
-106.981,-27.538,1.520,-0.0000,LithiumMetal,1
-105.270,-30.051,1.520,-0.0000,LithiumMetal,1
-102.231,-30.100,1.520,-0.0000,LithiumMetal,1
-103.707,-27.444,1.520,-0.0000,LithiumMetal,1
-100.667,-27.495,1.520,-0.0000,LithiumMetal,1
-147.044,-19.691,2.500,-0.0000,DMC,1
-142.715,-22.784,2.750,0.0000,SEI,0
-138.474,-23.281,1.520,-0.0000,FoilMetal,1
-138.474,-20.241,1.520,-0.0000,FoilMetal,1
-145.330,-17.214,0.760,1.0000,LithiumIon,0
-146.300,-15.043,2.000,-1.0000,ElectrolyteAnion,1
-142.516,-17.538,2.500,-0.0000,DMC,1
-138.475,-17.201,1.520,-0.0000,FoilMetal,1
-142.230,-12.548,2.500,-0.0000,DMC,1
-138.474,-14.161,1.520,-0.0000,FoilMetal,1
-135.434,-23.283,1.520,-0.0000,FoilMetal,1
-132.394,-23.283,1.520,-0.0000,FoilMetal,1
-135.434,-20.243,1.520,-0.0000,FoilMetal,1
-132.394,-20.243,1.520,-0.0000,FoilMetal,1
-129.354,-23.283,1.520,-0.0000,FoilMetal,1
-126.314,-23.283,1.520,-0.0000,FoilMetal,1
-129.354,-20.243,1.520,-0.0000,FoilMetal,1
-126.314,-20.243,1.520,-0.0000,FoilMetal,1
-135.435,-17.203,1.520,-0.0000,FoilMetal,1
-132.395,-17.203,1.520,-0.0000,FoilMetal,1
-135.434,-14.163,1.520,-0.0000,FoilMetal,1
-132.394,-14.163,1.520,-0.0000,FoilMetal,1
-129.355,-17.203,1.520,-0.0000,FoilMetal,1
-126.315,-17.203,1.520,-0.0000,FoilMetal,1
-129.354,-14.163,1.520,-0.0000,FoilMetal,1
-126.314,-14.163,1.520,-0.0000,FoilMetal,1
-149.500,-9.579,0.760,1.0000,LithiumIon,0
-146.820,-10.576,2.500,-0.0000,EC,1
-138.473,-11.121,1.520,-0.0000,FoilMetal,1
-143.247,-6.730,2.750,0.0000,SEI,0
-138.476,-8.081,1.520,-0.0000,FoilMetal,1
-146.862,-2.917,2.500,-0.0000,EC,1
-143.812,-2.908,0.760,1.0000,LithiumIon,0
-138.474,-5.041,1.520,-1.0000,FoilMetal,2
-142.342,-0.047,2.500,-0.0000,DMC,1
-138.478,-2.001,1.520,-0.0000,FoilMetal,1
-135.433,-11.123,1.520,-0.0000,FoilMetal,1
-132.393,-11.123,1.520,-0.0000,FoilMetal,1
-135.436,-8.083,1.520,-0.0000,FoilMetal,1
-132.396,-8.083,1.520,-0.0000,FoilMetal,1
-129.353,-11.123,1.520,-0.0000,FoilMetal,1
-126.313,-11.123,1.520,-0.0000,FoilMetal,1
-129.356,-8.083,1.520,-0.0000,FoilMetal,1
-126.316,-8.083,1.520,-0.0000,FoilMetal,1
-135.434,-5.043,1.520,-0.0000,FoilMetal,1
-132.394,-5.043,1.520,-0.0000,FoilMetal,1
-135.438,-2.003,1.520,-0.0000,FoilMetal,1
-132.398,-2.003,1.520,-0.0000,FoilMetal,1
-129.354,-5.043,1.520,-0.0000,FoilMetal,1
-126.314,-5.043,1.520,-0.0000,FoilMetal,1
-129.358,-2.003,1.520,-0.0000,FoilMetal,1
-126.319,-2.003,1.520,-0.0000,FoilMetal,1
-123.274,-23.277,1.520,-0.0000,FoilMetal,1
-120.641,-24.795,1.520,-0.0000,LithiumMetal,1
-123.274,-20.237,1.520,-0.0000,FoilMetal,1
-120.640,-21.756,1.520,-0.0000,LithiumMetal,1
-118.008,-23.275,1.520,-0.0000,LithiumMetal,1
-115.376,-24.796,1.520,-0.0000,LithiumMetal,1
-112.745,-23.277,1.520,-0.0000,LithiumMetal,1
-118.008,-20.235,1.520,-0.0000,LithiumMetal,1
-115.376,-21.755,1.520,-0.0000,LithiumMetal,1
-112.743,-20.236,1.520,-0.0000,LithiumMetal,1
-123.275,-17.198,1.520,-0.0000,FoilMetal,1
-120.641,-18.715,1.520,-0.0000,LithiumMetal,1
-120.640,-15.676,1.520,-0.0000,LithiumMetal,1
-123.274,-14.158,1.520,-0.0000,FoilMetal,1
-120.639,-12.636,1.520,-0.0000,LithiumMetal,1
-118.008,-17.196,1.520,-0.0000,LithiumMetal,1
-115.375,-18.716,1.520,-0.0000,LithiumMetal,1
-112.742,-17.196,1.520,-0.0000,LithiumMetal,1
-115.375,-15.676,1.520,-0.0000,LithiumMetal,1
-118.007,-14.156,1.520,-0.0000,LithiumMetal,1
-115.375,-12.636,1.520,-0.0000,LithiumMetal,1
-110.112,-24.797,1.520,-0.0000,LithiumMetal,1
-106.654,-22.127,1.520,-0.0000,LithiumMetal,1
-110.114,-21.759,1.520,-0.0000,LithiumMetal,1
-108.125,-19.467,1.520,-0.0000,LithiumMetal,1
-105.181,-24.786,1.520,-0.0000,LithiumMetal,1
-103.615,-22.180,1.520,-0.0000,LithiumMetal,1
-102.141,-24.838,1.520,-0.0000,LithiumMetal,1
-100.577,-22.232,1.520,-0.0000,LithiumMetal,1
-105.087,-19.522,1.520,-0.0000,LithiumMetal,1
-102.050,-19.574,1.520,-0.0000,LithiumMetal,1
-109.603,-16.815,1.520,-0.0000,LithiumMetal,1
-106.563,-16.864,1.520,-0.0000,LithiumMetal,1
-111.080,-14.160,1.520,-0.0000,LithiumMetal,1
-108.040,-14.209,1.520,-0.0000,LithiumMetal,1
-103.525,-16.916,1.520,-0.0000,LithiumMetal,1
-100.487,-16.967,1.520,-0.0000,LithiumMetal,1
-105.000,-14.258,1.520,-0.0000,LithiumMetal,1
-101.962,-14.309,1.520,-0.0000,LithiumMetal,1
-123.273,-11.118,1.520,-0.0000,FoilMetal,1
-120.640,-9.595,1.520,-0.0000,LithiumMetal,1
-123.276,-8.078,1.520,-0.0000,FoilMetal,1
-120.640,-6.556,1.520,-0.0000,LithiumMetal,1
-118.007,-11.115,1.520,-0.0000,LithiumMetal,1
-112.555,-11.504,1.520,-0.0000,LithiumMetal,1
-116.717,-7.791,1.520,-0.0000,LithiumMetal,1
-113.831,-8.748,1.520,-0.0000,LithiumMetal,1
-123.274,-5.038,1.520,-0.0000,FoilMetal,1
-120.642,-3.517,1.520,-0.0000,LithiumMetal,1
-123.279,-1.998,1.520,-0.0000,FoilMetal,1
-120.640,-0.477,1.520,-0.0000,LithiumMetal,1
-118.006,-5.038,1.520,-0.0000,LithiumMetal,1
-114.442,-5.774,1.520,-0.0000,LithiumMetal,1
-118.007,-1.998,1.520,-0.0000,LithiumMetal,1
-115.082,-2.808,1.520,-0.0000,LithiumMetal,1
-109.517,-11.553,1.520,-0.0000,LithiumMetal,1
-106.477,-11.602,1.520,-0.0000,LithiumMetal,1
-110.850,-8.023,1.520,-0.0000,LithiumMetal,1
-107.953,-8.948,1.520,-0.0000,LithiumMetal,1
-103.437,-11.651,1.520,-0.0000,LithiumMetal,1
-100.398,-11.702,1.520,-0.0000,LithiumMetal,1
-104.798,-8.175,1.520,-0.0000,LithiumMetal,1
-101.883,-9.039,1.520,-0.0000,LithiumMetal,1
-111.490,-5.053,1.520,-0.0000,LithiumMetal,1
-108.595,-5.981,1.520,-0.0000,LithiumMetal,1
-112.131,-2.082,1.520,-0.0000,LithiumMetal,1
-109.237,-3.012,1.520,-0.0000,LithiumMetal,1
-106.298,-2.233,1.520,-0.0000,LithiumMetal,1
-108.444,-0.079,1.520,-0.0000,LithiumMetal,1
-105.521,-5.221,1.520,-0.0000,LithiumMetal,1
-102.602,-6.072,1.520,-0.0000,LithiumMetal,1
-103.325,-3.119,1.520,-0.0000,LithiumMetal,1
-100.407,-2.266,1.520,-0.0000,LithiumMetal,1
-102.606,-0.166,1.520,-0.0000,LithiumMetal,1
-99.714,-97.172,2.500,-0.0000,DMC,1
-88.924,-88.042,2.500,-0.0000,DMC,1
-85.893,-96.923,2.500,-0.0000,EC,1
-85.588,-94.070,0.760,1.0000,LithiumIon,0
-85.131,-91.300,2.500,-0.0000,EC,1
-93.219,-79.923,2.500,-0.0000,DMC,1
-87.956,-80.031,2.500,-0.0000,DMC,1
-84.045,-86.420,2.500,-0.0000,EC,1
-84.053,-76.335,2.500,-0.0000,DMC,1
-79.101,-75.647,2.500,-0.0000,EC,1
-64.274,-92.238,2.500,-0.0000,DMC,1
-58.554,-96.124,2.500,-0.0000,EC,1
-54.283,-98.723,2.500,-0.0000,EC,1
-65.772,-87.473,2.500,-0.0000,EC,1
-66.806,-84.895,0.760,1.0000,LithiumIon,0
-67.834,-82.279,2.500,-0.0000,EC,1
-74.115,-75.271,2.500,-0.0000,DMC,1
-69.716,-77.647,2.500,-0.0000,EC,1
-99.173,-65.712,2.500,-0.0000,DMC,1
-94.487,-63.969,2.500,-0.0000,DMC,1
-88.241,-63.779,2.500,-0.0000,DMC,1
-81.922,-70.871,2.500,-0.0000,EC,1
-76.929,-71.138,2.500,-0.0000,EC,1
-86.250,-68.366,2.500,-0.0000,EC,1
-98.968,-60.636,2.500,-0.0000,DMC,1
-94.261,-58.951,2.500,-0.0000,DMC,1
-95.823,-54.201,2.500,-0.0000,DMC,1
-68.256,-69.441,2.500,-0.0000,EC,1
-74.350,-68.062,0.760,1.0000,LithiumIon,0
-72.073,-68.181,1.520,-0.0000,LithiumMetal,1
-73.474,-64.135,2.500,-0.0000,EC,1
-74.891,-59.325,2.500,-0.0000,DMC,1
-72.697,-53.803,2.500,-0.0000,DMC,1
-63.110,-51.818,2.000,-1.0000,ElectrolyteAnion,1
-52.773,-51.833,2.500,-0.0000,EC,1
-37.759,-89.209,2.500,-0.0000,DMC,1
-32.111,-95.799,2.500,-0.0000,DMC,1
-25.244,-97.116,2.500,-0.0000,DMC,1
-45.407,-85.564,2.500,-0.0000,DMC,1
-25.911,-85.709,2.500,-0.0000,DMC,1
-35.478,-79.213,2.500,-0.0000,DMC,1
-30.407,-78.912,2.500,-0.0000,DMC,1
-20.425,-98.437,2.500,-0.0000,EC,1
-17.226,-91.234,2.500,-0.0000,EC,1
-18.400,-88.582,0.760,1.0000,LithiumIon,0
-10.701,-88.326,2.500,-0.0000,EC,1
-0.209,-91.663,0.760,1.0000,LithiumIon,0
-1.850,-89.365,2.500,-0.0000,EC,1
-19.573,-85.921,2.500,-0.0000,EC,1
-15.032,-87.071,2.000,-1.0000,ElectrolyteAnion,1
-21.086,-81.157,2.500,-0.0000,DMC,1
-23.386,-75.702,2.500,-0.0000,DMC,1
-16.776,-79.179,0.760,1.0000,LithiumIon,0
-14.634,-80.485,2.000,-1.0000,ElectrolyteAnion,1
-16.961,-76.307,2.500,-0.0000,EC,1
-10.592,-85.509,0.760,1.0000,LithiumIon,0
-10.725,-82.709,2.500,-0.0000,EC,1
-44.491,-63.848,2.500,-0.0000,DMC,1
-38.971,-68.672,2.500,-0.0000,DMC,1
-33.198,-74.764,2.500,-0.0000,EC,1
-33.595,-71.890,0.760,1.0000,LithiumIon,0
-33.996,-69.195,2.500,-0.0000,EC,1
-28.212,-74.392,2.500,-0.0000,DMC,1
-35.224,-64.351,2.500,-0.0000,EC,1
-25.453,-64.951,2.500,-0.0000,DMC,1
-47.733,-56.938,1.520,-0.0000,LithiumMetal,1
-44.185,-58.828,2.500,-0.0000,EC,1
-39.756,-62.240,2.500,-0.0000,DMC,1
-49.608,-54.311,1.520,-0.0000,LithiumMetal,1
-46.583,-54.084,0.760,1.0000,LithiumIon,0
-43.826,-51.187,2.500,-0.0000,EC,1
-34.660,-59.383,2.500,-0.0000,DMC,1
-35.071,-54.026,2.500,-0.0000,DMC,1
-16.532,-71.326,2.500,-0.0000,DMC,1
-18.726,-64.693,2.500,-0.0000,DMC,1
-23.148,-54.770,2.500,-0.0000,EC,1
-18.152,-50.729,2.500,-0.0000,DMC,1
-7.179,-57.989,2.500,-0.0000,DMC,1
-10.329,-50.975,2.500,-0.0000,EC,1
-2.537,-56.130,2.500,-0.0000,DMC,1
-94.098,-49.508,2.500,-0.0000,DMC,1
-98.546,-45.490,2.750,0.0000,SEI,0
-92.588,-44.742,2.500,-0.0000,DMC,1
-99.377,-40.679,1.520,-0.0000,LithiumMetal,1
-96.337,-40.733,1.520,-0.0000,LithiumMetal,1
-97.811,-38.074,1.520,-0.0000,LithiumMetal,1
-94.771,-38.127,1.520,-0.0000,LithiumMetal,1
-93.297,-40.786,1.520,-0.0000,LithiumMetal,1
-91.732,-38.180,1.520,-0.0000,LithiumMetal,1
-87.811,-39.869,2.750,0.0000,SEI,0
-83.491,-46.747,2.500,-0.0000,DMC,1
-82.518,-38.280,1.520,-0.0000,LithiumMetal,1
-76.415,-37.967,1.520,-0.0000,LithiumMetal,1
-99.284,-35.416,1.520,-0.0000,LithiumMetal,1
-96.245,-35.468,1.520,-0.0000,LithiumMetal,1
-97.719,-32.810,1.520,-0.0000,LithiumMetal,1
-94.680,-32.862,1.520,-0.0000,LithiumMetal,1
-93.207,-35.521,1.520,-0.0000,LithiumMetal,1
-90.168,-35.573,1.520,-0.0000,LithiumMetal,1
-91.642,-32.915,1.520,-0.0000,LithiumMetal,1
-88.604,-32.967,1.520,-0.0000,LithiumMetal,1
-99.193,-30.152,1.520,-0.0000,LithiumMetal,1
-96.155,-30.205,1.520,-0.0000,LithiumMetal,1
-97.629,-27.547,1.520,-0.0000,LithiumMetal,1
-94.591,-27.599,1.520,-0.0000,LithiumMetal,1
-93.117,-30.257,1.520,-0.0000,LithiumMetal,1
-90.079,-30.309,1.520,-0.0000,LithiumMetal,1
-91.553,-27.652,1.520,-0.0000,LithiumMetal,1
-88.516,-27.704,1.520,-0.0000,LithiumMetal,1
-89.989,-25.046,1.520,-0.0000,LithiumMetal,1
-87.130,-35.626,1.520,-0.0000,LithiumMetal,1
-84.091,-35.678,1.520,-0.0000,LithiumMetal,1
-85.566,-33.019,1.520,-0.0000,LithiumMetal,1
-82.527,-33.071,1.520,-0.0000,LithiumMetal,1
-80.956,-35.672,1.520,-0.0000,LithiumMetal,1
-77.935,-35.334,1.520,-0.0000,LithiumMetal,1
-78.591,-32.366,1.520,-0.0000,LithiumMetal,1
-75.692,-33.282,1.520,-0.0000,LithiumMetal,1
-87.041,-30.361,1.520,-0.0000,LithiumMetal,1
-84.003,-30.414,1.520,-0.0000,LithiumMetal,1
-85.477,-27.756,1.520,-0.0000,LithiumMetal,1
-86.952,-25.098,1.520,-0.0000,LithiumMetal,1
-82.439,-27.809,1.520,-0.0000,LithiumMetal,1
-83.914,-25.151,1.520,-0.0000,LithiumMetal,1
-80.964,-30.467,1.520,-0.0000,LithiumMetal,1
-76.350,-30.314,1.520,-0.0000,LithiumMetal,1
-79.400,-27.861,1.520,-0.0000,LithiumMetal,1
-80.877,-25.204,1.520,-0.0000,LithiumMetal,1
-77.839,-25.255,1.520,-0.0000,LithiumMetal,1
-61.725,-49.434,0.760,1.0000,LithiumIon,0
-57.961,-46.409,1.520,-0.0000,LithiumMetal,1
-51.646,-47.477,2.000,-1.0000,ElectrolyteAnion,1
-54.666,-46.686,0.760,1.0000,LithiumIon,0
-56.455,-38.421,2.500,-0.0000,DMC,1
-52.858,-42.929,2.500,-0.0000,DMC,1
-51.467,-38.129,2.500,-0.0000,EC,1
-72.763,-34.190,1.520,-0.0000,LithiumMetal,1
-70.542,-32.112,1.520,-0.0000,LithiumMetal,1
-66.306,-35.111,2.750,0.0000,SEI,0
-73.451,-31.228,1.520,-0.0000,LithiumMetal,1
-74.111,-28.261,1.520,-0.0000,LithiumMetal,1
-71.202,-29.144,1.520,-0.0000,LithiumMetal,1
-74.802,-25.304,1.520,-0.0000,LithiumMetal,1
-71.893,-26.184,1.520,-0.0000,LithiumMetal,1
-68.985,-27.065,1.520,-0.0000,LithiumMetal,1
-68.293,-30.025,1.520,-0.0000,LithiumMetal,1
-65.383,-30.906,1.520,-0.0000,LithiumMetal,1
-63.167,-28.826,1.520,-0.0000,LithiumMetal,1
-66.075,-27.945,1.520,-0.0000,LithiumMetal,1
-63.858,-25.866,1.520,-0.0000,LithiumMetal,1
-58.807,-33.724,2.750,0.0000,SEI,0
-53.333,-33.188,2.750,0.0000,SEI,0
-60.258,-29.707,1.520,-0.0000,LithiumMetal,1
-60.948,-26.747,1.520,-0.0000,LithiumMetal,1
-58.039,-27.628,1.520,-0.0000,LithiumMetal,1
-53.218,-27.689,2.750,0.0000,SEI,0
-99.103,-24.888,1.520,-0.0000,LithiumMetal,1
-97.538,-22.282,1.520,-0.0000,LithiumMetal,1
-96.064,-24.941,1.520,-0.0000,LithiumMetal,1
-94.501,-22.334,1.520,-0.0000,LithiumMetal,1
-99.013,-19.625,1.520,-0.0000,LithiumMetal,1
-95.975,-19.677,1.520,-0.0000,LithiumMetal,1
-93.027,-24.993,1.520,-0.0000,LithiumMetal,1
-91.463,-22.387,1.520,-0.0000,LithiumMetal,1
-88.426,-22.439,1.520,-0.0000,LithiumMetal,1
-92.937,-19.729,1.520,-0.0000,LithiumMetal,1
-89.898,-19.781,1.520,-0.0000,LithiumMetal,1
-97.449,-17.019,1.520,-0.0000,LithiumMetal,1
-94.411,-17.071,1.520,-0.0000,LithiumMetal,1
-98.924,-14.361,1.520,-0.0000,LithiumMetal,1
-95.885,-14.413,1.520,-0.0000,LithiumMetal,1
-91.373,-17.123,1.520,-0.0000,LithiumMetal,1
-88.335,-17.175,1.520,-0.0000,LithiumMetal,1
-92.847,-14.464,1.520,-0.0000,LithiumMetal,1
-89.809,-14.517,1.520,-0.0000,LithiumMetal,1
-85.388,-22.492,1.520,-0.0000,LithiumMetal,1
-82.351,-22.545,1.520,-0.0000,LithiumMetal,1
-86.862,-19.834,1.520,-0.0000,LithiumMetal,1
-83.824,-19.887,1.520,-0.0000,LithiumMetal,1
-79.315,-22.599,1.520,-0.0000,LithiumMetal,1
-76.276,-22.651,1.520,-0.0000,LithiumMetal,1
-80.787,-19.940,1.520,-0.0000,LithiumMetal,1
-77.750,-19.993,1.520,-0.0000,LithiumMetal,1
-85.298,-17.228,1.520,-0.0000,LithiumMetal,1
-82.261,-17.281,1.520,-0.0000,LithiumMetal,1
-86.770,-14.569,1.520,-0.0000,LithiumMetal,1
-83.732,-14.622,1.520,-0.0000,LithiumMetal,1
-79.222,-17.334,1.520,-0.0000,LithiumMetal,1
-76.183,-17.390,1.520,-0.0000,LithiumMetal,1
-80.694,-14.676,1.520,-0.0000,LithiumMetal,1
-77.654,-14.730,1.520,-0.0000,LithiumMetal,1
-97.361,-11.757,1.520,-0.0000,LithiumMetal,1
-94.321,-11.806,1.520,-0.0000,LithiumMetal,1
-98.962,-8.171,1.520,-0.0000,LithiumMetal,1
-96.043,-9.021,1.520,-0.0000,LithiumMetal,1
-91.282,-11.858,1.520,-0.0000,LithiumMetal,1
-88.244,-11.911,1.520,-0.0000,LithiumMetal,1
-93.128,-8.164,1.520,-0.0000,LithiumMetal,1
-90.209,-9.014,1.520,-0.0000,LithiumMetal,1
-99.685,-5.219,1.520,-0.0000,LithiumMetal,1
-96.767,-6.069,1.520,-0.0000,LithiumMetal,1
-93.851,-5.211,1.520,-0.0000,LithiumMetal,1
-97.489,-3.116,1.520,-0.0000,LithiumMetal,1
-94.577,-2.243,1.520,-0.0000,LithiumMetal,1
-96.791,-0.160,1.520,-0.0000,LithiumMetal,1
-90.932,-6.061,1.520,-0.0000,LithiumMetal,1
-88.019,-5.195,1.520,-0.0000,LithiumMetal,1
-91.656,-3.109,1.520,-0.0000,LithiumMetal,1
-90.977,-0.148,1.520,-0.0000,LithiumMetal,1
-88.750,-2.217,1.520,-0.0000,LithiumMetal,1
-85.205,-11.963,1.520,-0.0000,LithiumMetal,1
-82.166,-12.017,1.520,-0.0000,LithiumMetal,1
-87.296,-8.147,1.520,-0.0000,LithiumMetal,1
-84.378,-8.998,1.520,-0.0000,LithiumMetal,1
-81.478,-8.084,1.520,-0.0000,LithiumMetal,1
-79.127,-12.071,1.520,-0.0000,LithiumMetal,1
-75.060,-10.956,1.520,-0.0000,LithiumMetal,1
-78.542,-9.088,1.520,-0.0000,LithiumMetal,1
-75.708,-7.988,1.520,-0.0000,LithiumMetal,1
-85.100,-6.045,1.520,-0.0000,LithiumMetal,1
-82.187,-5.128,1.520,-0.0000,LithiumMetal,1
-85.825,-3.093,1.520,-0.0000,LithiumMetal,1
-85.169,-0.127,1.520,-0.0000,LithiumMetal,1
-82.926,-2.179,1.520,-0.0000,LithiumMetal,1
-79.289,-4.209,1.520,-0.0000,LithiumMetal,1
-76.360,-5.021,1.520,-0.0000,LithiumMetal,1
-80.028,-1.260,1.520,-0.0000,LithiumMetal,1
-77.099,-2.073,1.520,-0.0000,LithiumMetal,1
-72.586,-23.223,1.520,-0.0000,LithiumMetal,1
-69.676,-24.104,1.520,-0.0000,LithiumMetal,1
-74.711,-20.050,1.520,-0.0000,LithiumMetal,1
-71.672,-20.108,1.520,-0.0000,LithiumMetal,1
-66.767,-24.985,1.520,-0.0000,LithiumMetal,1
-67.459,-22.025,1.520,-0.0000,LithiumMetal,1
-64.549,-22.906,1.520,-0.0000,LithiumMetal,1
-68.749,-19.272,1.520,-0.0000,LithiumMetal,1
-65.241,-19.945,1.520,-0.0000,LithiumMetal,1
-73.145,-17.450,1.520,-0.0000,LithiumMetal,1
-74.615,-14.786,1.520,-0.0000,LithiumMetal,1
-71.578,-14.854,1.520,-0.0000,LithiumMetal,1
-69.283,-12.869,1.520,-0.0000,LithiumMetal,1
-68.712,-15.857,1.520,-0.0000,LithiumMetal,1
-65.844,-16.857,1.520,-0.0000,LithiumMetal,1
-62.973,-17.857,1.520,-0.0000,LithiumMetal,1
-66.412,-13.870,1.520,-0.0000,LithiumMetal,1
-63.542,-14.871,1.520,-0.0000,LithiumMetal,1
-61.640,-23.787,1.520,-0.0000,LithiumMetal,1
-56.762,-23.816,2.500,-0.0000,DMC,1
-62.331,-20.827,1.520,-0.0000,LithiumMetal,1
-60.672,-15.871,1.520,-0.0000,LithiumMetal,1
-57.389,-18.603,2.750,0.0000,SEI,0
-61.241,-12.884,1.520,-0.0000,LithiumMetal,1
-57.242,-13.296,2.500,-0.0000,DMC,1
-52.492,-14.855,2.500,-0.0000,DMC,1
-72.163,-11.877,1.520,-0.0000,LithiumMetal,1
-69.869,-9.888,1.520,-0.0000,LithiumMetal,1
-72.810,-8.908,1.520,-0.0000,LithiumMetal,1
-70.512,-6.917,1.520,-0.0000,LithiumMetal,1
-66.981,-10.883,1.520,-0.0000,LithiumMetal,1
-64.111,-11.884,1.520,-0.0000,LithiumMetal,1
-67.573,-7.903,1.520,-0.0000,LithiumMetal,1
-64.680,-8.898,1.520,-0.0000,LithiumMetal,1
-73.462,-5.939,1.520,-0.0000,LithiumMetal,1
-71.164,-3.948,1.520,-0.0000,LithiumMetal,1
-74.116,-2.970,1.520,-0.0000,LithiumMetal,1
-71.818,-0.980,1.520,-0.0000,LithiumMetal,1
-68.212,-4.931,1.520,-0.0000,LithiumMetal,1
-65.275,-5.919,1.520,-0.0000,LithiumMetal,1
-63.016,-3.887,1.520,-0.0000,LithiumMetal,1
-65.908,-2.949,1.520,-0.0000,LithiumMetal,1
-63.649,-0.914,1.520,-0.0000,LithiumMetal,1
-62.386,-6.861,1.520,-0.0000,LithiumMetal,1
-59.494,-7.800,1.520,-0.0000,LithiumMetal,1
-54.227,-8.998,2.750,0.0000,SEI,0
-60.125,-4.826,1.520,-0.0000,LithiumMetal,1
-60.757,-1.853,1.520,-0.0000,LithiumMetal,1
-50.785,-4.168,2.500,-0.0000,DMC,1
-54.111,-0.435,2.500,-0.0000,DMC,1
-47.063,-47.366,2.500,-0.0000,DMC,1
-41.315,-46.860,2.500,-0.0000,DMC,1
-47.876,-42.430,2.500,-0.0000,DMC,1
-42.940,-41.554,2.500,-0.0000,DMC,1
-36.414,-47.851,2.500,-0.0000,DMC,1
-48.851,-37.144,0.760,1.0000,LithiumIon,0
-46.262,-35.926,2.500,-0.0000,EC,1
-41.324,-36.701,2.500,-0.0000,DMC,1
-43.181,-31.990,2.500,-0.0000,DMC,1
-44.692,-27.222,2.500,-0.0000,EC,1
-39.805,-28.302,2.500,-0.0000,DMC,1
-34.832,-27.532,2.500,-0.0000,DMC,1
-29.853,-27.999,2.500,-0.0000,EC,1
-25.834,-27.927,0.760,1.0000,LithiumIon,0
-23.060,-49.775,2.500,-0.0000,EC,1
-23.145,-46.905,0.760,1.0000,LithiumIon,0
-22.953,-44.151,2.500,-0.0000,EC,1
-18.990,-46.284,2.000,-1.0000,ElectrolyteAnion,1
-14.591,-47.213,2.500,-0.0000,EC,1
-12.489,-49.131,0.760,1.0000,LithiumIon,0
-22.650,-32.912,2.500,-0.0000,EC,1
-18.531,-35.768,2.500,-0.0000,DMC,1
-23.892,-29.122,1.520,-0.0000,LithiumMetal,1
-22.729,-25.243,2.500,-0.0000,EC,1
-48.678,-24.187,2.500,-0.0000,DMC,1
-49.308,-18.711,2.500,-0.0000,DMC,1
-47.565,-14.027,2.500,-0.0000,EC,1
-45.658,-11.930,0.760,1.0000,LithiumIon,0
-43.781,-9.885,2.500,-0.0000,EC,1
-40.946,-5.766,2.500,-0.0000,EC,1
-19.670,-21.223,2.500,-0.0000,DMC,1
-20.888,-6.650,2.500,-0.0000,EC,1
-18.104,-6.318,0.760,1.0000,LithiumIon,0
-23.561,-0.931,2.500,-0.0000,EC,1
-15.289,-5.807,2.500,-0.0000,EC,1
-18.694,-2.666,2.000,-1.0000,ElectrolyteAnion,1
3.056,-120.002,2.500,-0.0000,EC,1
7.903,-118.786,2.500,-0.0000,EC,1
10.676,-119.381,0.760,1.0000,LithiumIon,0
0.213,-112.514,2.500,-0.0000,EC,1
4.433,-115.187,2.500,-0.0000,DMC,1
13.423,-120.001,2.500,-0.0000,EC,1
18.813,-120.000,2.500,-0.0000,DMC,1
23.811,-120.000,2.500,-0.0000,EC,1
7.578,-109.289,2.500,-0.0000,DMC,1
8.181,-102.225,2.500,-0.0000,DMC,1
12.550,-109.818,2.500,-0.0000,EC,1
16.820,-107.220,2.500,-0.0000,EC,1
19.168,-105.480,0.760,1.0000,LithiumIon,0
21.405,-103.861,2.500,-0.0000,EC,1
26.629,-119.926,0.760,1.0000,LithiumIon,0
29.451,-120.003,2.500,-0.0000,EC,1
35.772,-119.999,2.500,-0.0000,DMC,1
32.506,-116.046,2.500,-0.0000,DMC,1
40.770,-120.000,2.500,-0.0000,EC,1
43.508,-120.013,0.760,1.0000,LithiumIon,0
46.609,-119.543,2.500,-0.0000,DMC,1
38.119,-115.563,2.500,-0.0000,DMC,1
42.714,-113.441,2.500,-0.0000,EC,1
26.329,-102.995,2.500,-0.0000,DMC,1
47.257,-110.928,2.500,-0.0000,EC,1
49.211,-102.402,2.500,-0.0000,DMC,1
55.793,-120.000,2.500,-0.0000,EC,1
58.649,-119.949,0.760,1.0000,LithiumIon,0
61.498,-120.000,2.500,-0.0000,EC,1
67.331,-120.000,2.500,-0.0000,DMC,1
72.330,-120.000,2.500,-0.0000,EC,1
64.969,-115.318,2.500,-0.0000,DMC,1
51.490,-108.273,2.500,-0.0000,EC,1
53.410,-106.021,0.760,1.0000,LithiumIon,0
55.469,-103.871,2.500,-0.0000,EC,1
59.237,-100.586,2.500,-0.0000,EC,1
64.836,-110.320,2.500,-0.0000,EC,1
72.039,-112.217,2.500,-0.0000,DMC,1
69.190,-107.870,2.500,-0.0000,DMC,1
71.788,-106.442,0.760,1.0000,LithiumIon,0
74.409,-107.812,2.500,-0.0000,DMC,1
62.885,-105.716,2.500,-0.0000,DMC,1
66.912,-102.668,2.500,-0.0000,DMC,1
71.851,-103.449,2.500,-0.0000,DMC,1
75.162,-119.960,0.760,1.0000,LithiumIon,0
78.007,-120.000,2.500,-0.0000,EC,1
83.004,-120.000,2.500,-0.0000,DMC,1
79.645,-112.668,2.500,-0.0000,DMC,1
88.826,-120.000,2.500,-0.0000,EC,1
91.647,-120.002,0.760,1.0000,LithiumIon,0
94.437,-120.002,2.500,-0.0000,EC,1
99.433,-119.999,2.500,-0.0000,EC,1
97.610,-117.333,0.760,1.0000,LithiumIon,0
95.142,-115.052,2.500,-0.0000,EC,1
99.620,-115.497,2.000,-1.0000,ElectrolyteAnion,1
81.314,-100.351,2.500,-0.0000,DMC,1
92.678,-110.701,2.500,-0.0000,DMC,1
97.913,-109.168,2.500,-0.0000,DMC,1
95.575,-102.638,2.500,-0.0000,DMC,1
105.090,-120.140,0.760,1.0000,LithiumIon,0
108.077,-119.861,2.500,-0.0000,DMC,1
102.100,-116.399,0.760,1.0000,LithiumIon,0
103.708,-118.596,2.000,-1.0000,ElectrolyteAnion,1
103.951,-114.102,2.500,-0.0000,EC,1
110.884,-115.498,2.500,-0.0000,DMC,1
113.074,-119.998,2.500,-0.0000,DMC,1
115.889,-119.022,0.760,1.0000,LithiumIon,0
118.726,-120.002,2.500,-0.0000,DMC,1
123.790,-120.022,2.500,-0.0000,EC,1
115.880,-115.852,2.500,-0.0000,DMC,1
123.543,-115.029,2.500,-0.0000,EC,1
104.663,-107.379,2.500,-0.0000,DMC,1
100.339,-104.633,2.500,-0.0000,DMC,1
104.801,-102.384,2.500,-0.0000,EC,1
124.154,-112.084,0.760,1.0000,LithiumIon,0
124.664,-109.403,2.500,-0.0000,EC,1
121.711,-105.370,2.500,-0.0000,DMC,1
130.893,-120.000,2.500,-0.0000,EC,1
133.750,-119.960,0.760,1.0000,LithiumIon,0
136.597,-120.000,2.500,-0.0000,EC,1
130.362,-114.967,2.500,-0.0000,DMC,1
141.669,-119.723,2.500,-0.0000,DMC,1
148.275,-120.006,2.500,-0.0000,EC,1
146.541,-117.796,0.760,1.0000,LithiumIon,0
144.891,-115.608,2.500,-0.0000,EC,1
134.042,-111.583,2.500,-0.0000,DMC,1
131.803,-106.987,2.500,-0.0000,DMC,1
136.782,-107.406,2.500,-0.0000,EC,1
126.893,-104.929,2.500,-0.0000,DMC,1
144.756,-110.610,2.500,-0.0000,EC,1
148.723,-107.566,2.500,-0.0000,DMC,1
138.873,-105.549,0.760,1.0000,LithiumIon,0
141.001,-103.698,2.500,-0.0000,EC,1
145.798,-102.305,2.500,-0.0000,DMC,1
155.203,-120.000,2.500,-0.0000,EC,1
158.053,-119.933,0.760,1.0000,LithiumIon,0
160.885,-120.000,2.500,-0.0000,EC,1
167.235,-120.000,2.500,-0.0000,EC,1
170.066,-119.899,0.760,1.0000,LithiumIon,0
172.911,-120.000,2.500,-0.0000,EC,1
165.911,-114.469,2.500,-0.0000,DMC,1
173.007,-114.961,2.500,-0.0000,DMC,1
162.343,-107.720,0.760,1.0000,LithiumIon,0
162.087,-104.927,2.500,-0.0000,EC,1
162.812,-110.549,2.500,-0.0000,EC,1
169.693,-107.243,2.500,-0.0000,EC,1
166.484,-103.969,2.000,-1.0000,ElectrolyteAnion,1
170.112,-104.378,0.760,1.0000,LithiumIon,0
170.339,-101.589,2.500,-0.0000,EC,1
178.748,-120.000,2.500,-0.0000,DMC,1
181.855,-120.000,0.760,1.0000,LithiumIon,0
184.590,-120.002,2.500,-0.0000,EC,1
187.122,-115.692,2.500,-0.0000,DMC,1
189.657,-120.001,2.500,-0.0000,DMC,1
192.330,-120.002,0.760,1.0000,LithiumIon,0
195.011,-119.999,2.500,-0.0000,DMC,1
200.009,-120.014,2.500,-0.0000,EC,1
192.368,-115.727,2.500,-0.0000,DMC,1
200.019,-117.646,0.760,1.0000,LithiumIon,0
200.000,-114.983,2.500,-0.0000,DMC,1
176.803,-111.504,2.500,-0.0000,DMC,1
184.922,-102.505,2.500,-0.0000,EC,1
191.621,-110.691,2.500,-0.0000,DMC,1
200.000,-109.984,2.500,-0.0000,EC,1
199.931,-107.198,0.760,1.0000,LithiumIon,0
191.798,-105.682,2.500,-0.0000,EC,1
188.876,-102.883,1.520,-0.0000,LithiumMetal,1
190.444,-100.279,0.760,1.0000,LithiumIon,0
200.000,-104.365,2.500,-0.0000,EC,1
4.515,-97.879,2.500,-0.0000,EC,1
1.466,-93.919,2.500,-0.0000,EC,1
10.635,-88.078,2.500,-0.0000,EC,1
23.006,-99.126,2.500,-0.0000,DMC,1
24.981,-88.788,2.500,-0.0000,DMC,1
1.932,-86.927,2.000,-1.0000,ElectrolyteAnion,1
4.793,-83.032,0.760,1.0000,LithiumIon,0
6.500,-85.268,2.500,-0.0000,EC,1
2.976,-80.879,2.500,-0.0000,EC,1
23.667,-83.145,2.500,-0.0000,EC,1
31.244,-96.124,2.500,-0.0000,DMC,1
36.332,-98.298,2.500,-0.0000,DMC,1
34.632,-92.446,2.500,-0.0000,EC,1
39.289,-94.265,2.500,-0.0000,EC,1
41.815,-95.566,0.760,1.0000,LithiumIon,0
49.272,-97.402,2.500,-0.0000,DMC,1
44.309,-96.801,2.500,-0.0000,EC,1
38.192,-88.923,2.500,-0.0000,EC,1
47.381,-92.770,2.500,-0.0000,DMC,1
30.893,-86.063,0.760,1.0000,LithiumIon,0
28.293,-85.042,2.500,-0.0000,EC,1
33.479,-87.257,2.500,-0.0000,EC,1
28.793,-80.069,2.500,-0.0000,DMC,1
26.298,-75.737,2.500,-0.0000,DMC,1
2.668,-66.529,2.500,-0.0000,DMC,1
6.646,-61.154,2.500,-0.0000,DMC,1
10.850,-58.453,2.500,-0.0000,EC,1
6.448,-56.085,2.500,-0.0000,DMC,1
13.364,-57.172,0.760,1.0000,LithiumIon,0
19.602,-59.142,2.500,-0.0000,DMC,1
15.835,-55.854,2.500,-0.0000,EC,1
20.206,-53.426,2.500,-0.0000,EC,1
32.181,-69.483,2.500,-0.0000,DMC,1
31.048,-64.321,2.500,-0.0000,EC,1
35.789,-64.733,2.000,-1.0000,ElectrolyteAnion,1
39.542,-67.214,2.500,-0.0000,EC,1
41.993,-65.878,0.760,1.0000,LithiumIon,0
44.453,-64.431,2.500,-0.0000,EC,1
49.235,-62.971,2.500,-0.0000,EC,1
33.002,-62.206,0.760,1.0000,LithiumIon,0
35.028,-60.285,2.500,-0.0000,EC,1
25.192,-53.057,2.500,-0.0000,EC,1
56.625,-95.141,2.500,-0.0000,DMC,1
65.530,-97.863,2.500,-0.0000,DMC,1
73.190,-98.632,2.500,-0.0000,DMC,1
71.057,-89.187,2.500,-0.0000,DMC,1
56.196,-81.066,2.500,-0.0000,DMC,1
79.011,-90.051,2.500,-0.0000,EC,1
83.969,-90.641,2.500,-0.0000,EC,1
86.858,-90.529,0.760,1.0000,LithiumIon,0
89.397,-97.597,2.500,-0.0000,DMC,1
97.444,-98.006,2.500,-0.0000,EC,1
99.264,-95.872,0.760,1.0000,LithiumIon,0
89.854,-90.404,2.500,-0.0000,EC,1
94.546,-92.124,2.500,-0.0000,EC,1
77.845,-80.459,2.500,-0.0000,DMC,1
80.781,-76.412,2.500,-0.0000,EC,1
83.260,-80.754,2.500,-0.0000,DMC,1
90.001,-82.658,2.500,-0.0000,DMC,1
89.983,-77.656,2.500,-0.0000,DMC,1
58.532,-71.147,2.500,-0.0000,DMC,1
64.922,-63.168,2.500,-0.0000,DMC,1
70.722,-66.464,2.500,-0.0000,DMC,1
61.868,-54.713,2.500,-0.0000,EC,1
57.327,-52.625,2.500,-0.0000,DMC,1
64.038,-56.528,0.760,1.0000,LithiumIon,0
66.193,-58.332,2.500,-0.0000,EC,1
70.052,-61.510,2.500,-0.0000,EC,1
77.110,-72.193,2.500,-0.0000,EC,1
78.824,-74.407,0.760,1.0000,LithiumIon,0
81.680,-71.948,2.000,-1.0000,ElectrolyteAnion,1
86.446,-72.728,2.500,-0.0000,EC,1
85.265,-70.183,0.760,1.0000,LithiumIon,0
75.649,-67.414,2.500,-0.0000,DMC,1
80.504,-64.072,2.500,-0.0000,EC,1
83.891,-67.749,2.500,-0.0000,EC,1
94.757,-69.480,2.500,-0.0000,DMC,1
98.998,-66.831,2.500,-0.0000,DMC,1
77.398,-56.409,2.500,-0.0000,DMC,1
85.115,-62.078,2.500,-0.0000,DMC,1
78.922,-51.525,2.500,-0.0000,DMC,1
85.696,-54.528,2.500,-0.0000,EC,1
4.690,-40.605,2.500,-0.0000,DMC,1
12.053,-38.166,2.500,-0.0000,EC,1
17.117,-46.637,2.500,-0.0000,DMC,1
3.867,-35.674,2.500,-0.0000,EC,1
5.521,-33.277,0.760,1.0000,LithiumIon,0
8.521,-35.311,2.000,-1.0000,ElectrolyteAnion,1
7.149,-30.880,2.500,-0.0000,EC,1
11.127,-28.775,2.000,-1.0000,ElectrolyteAnion,1
11.641,-25.095,0.760,1.0000,LithiumIon,0
12.721,-35.431,0.760,1.0000,LithiumIon,0
13.381,-32.667,2.500,-0.0000,EC,1
14.457,-25.732,2.500,-0.0000,EC,1
43.702,-39.366,2.500,-0.0000,DMC,1
34.120,-36.456,2.500,-0.0000,DMC,1
48.045,-36.884,2.500,-0.0000,DMC,1
41.812,-30.075,2.500,-0.0000,DMC,1
41.395,-25.079,2.500,-0.0000,DMC,1
48.168,-29.331,2.500,-0.0000,DMC,1
8.852,-24.880,2.500,-0.0000,EC,1
5.116,-13.366,2.500,-0.0000,DMC,1
3.624,-8.591,2.500,-0.0000,DMC,1
8.500,-9.687,2.500,-0.0000,EC,1
11.462,-9.246,0.760,1.0000,LithiumIon,0
14.149,-11.817,2.500,-0.0000,DMC,1
13.589,-6.824,2.500,-0.0000,DMC,1
29.795,-22.302,2.500,-0.0000,DMC,1
34.600,-20.878,2.500,-0.0000,DMC,1
29.657,-14.746,2.500,-0.0000,DMC,1
38.273,-22.523,1.520,-0.0000,LithiumMetal,1
38.369,-19.479,0.760,1.0000,LithiumIon,0
40.954,-21.082,1.520,-0.0000,LithiumMetal,1
44.729,-19.691,2.500,-0.0000,DMC,1
41.047,-18.044,1.520,-0.0000,LithiumMetal,1
37.929,-15.490,2.500,-0.0000,DMC,1
43.336,-14.739,2.500,-0.0000,DMC,1
36.276,-10.769,2.500,-0.0000,DMC,1
61.553,-49.722,2.500,-0.0000,DMC,1
56.942,-44.404,2.500,-0.0000,DMC,1
51.722,-43.349,2.500,-0.0000,DMC,1
52.823,-38.472,2.500,-0.0000,DMC,1
57.723,-39.465,2.500,-0.0000,DMC,1
67.029,-43.358,2.500,-0.0000,DMC,1
62.594,-40.596,2.500,-0.0000,DMC,1
72.677,-38.570,1.520,-0.0000,LithiumMetal,1
53.270,-35.508,0.760,1.0000,LithiumIon,0
56.216,-34.698,2.500,-0.0000,DMC,1
51.393,-33.152,2.500,-0.0000,DMC,1
55.100,-29.794,2.500,-0.0000,DMC,1
62.232,-30.247,1.520,-0.0000,LithiumMetal,1
59.575,-28.767,1.520,-0.0000,LithiumMetal,1
62.184,-27.208,1.520,-0.0000,LithiumMetal,1
59.529,-25.728,1.520,-0.0000,LithiumMetal,1
68.179,-35.834,1.520,-0.0000,LithiumMetal,1
66.719,-33.167,1.520,-0.0000,LithiumMetal,1
71.217,-35.903,1.520,-0.0000,LithiumMetal,1
74.256,-35.972,1.520,-0.0000,LithiumMetal,1
69.759,-33.237,1.520,-0.0000,LithiumMetal,1
72.798,-33.306,1.520,-0.0000,LithiumMetal,1
65.260,-30.500,1.520,-0.0000,LithiumMetal,1
68.299,-30.570,1.520,-0.0000,LithiumMetal,1
64.794,-25.649,1.520,-0.0000,LithiumMetal,1
66.840,-27.903,1.520,-0.0000,LithiumMetal,1
71.338,-30.640,1.520,-0.0000,LithiumMetal,1
74.377,-30.709,1.520,-0.0000,LithiumMetal,1
69.879,-27.973,1.520,-0.0000,LithiumMetal,1
71.457,-25.377,1.520,-0.0000,LithiumMetal,1
72.917,-28.043,1.520,-0.0000,LithiumMetal,1
74.497,-25.448,1.520,-0.0000,LithiumMetal,1
83.873,-47.164,0.760,1.0000,LithiumIon,0
85.417,-49.537,2.500,-0.0000,EC,1
82.532,-44.693,2.500,-0.0000,EC,1
87.023,-44.988,2.000,-1.0000,ElectrolyteAnion,1
78.615,-41.586,2.500,-0.0000,DMC,1
75.716,-38.639,1.520,-0.0000,LithiumMetal,1
81.795,-38.777,1.520,-0.0000,LithiumMetal,1
90.948,-47.198,2.500,-0.0000,EC,1
90.600,-44.392,0.760,1.0000,LithiumIon,0
95.861,-48.153,2.500,-0.0000,DMC,1
90.029,-41.626,2.500,-0.0000,EC,1
77.295,-36.042,1.520,-0.0000,LithiumMetal,1
80.334,-36.112,1.520,-0.0000,LithiumMetal,1
75.836,-33.375,1.520,-0.0000,LithiumMetal,1
78.874,-33.445,1.520,-0.0000,LithiumMetal,1
83.373,-36.180,1.520,-0.0000,LithiumMetal,1
86.412,-36.249,1.520,-0.0000,LithiumMetal,1
81.913,-33.514,1.520,-0.0000,LithiumMetal,1
84.951,-33.583,1.520,-0.0000,LithiumMetal,1
77.415,-30.779,1.520,-0.0000,LithiumMetal,1
80.454,-30.848,1.520,-0.0000,LithiumMetal,1
78.994,-28.183,1.520,-0.0000,LithiumMetal,1
75.956,-28.113,1.520,-0.0000,LithiumMetal,1
77.535,-25.518,1.520,-0.0000,LithiumMetal,1
80.573,-25.586,1.520,-0.0000,LithiumMetal,1
83.492,-30.917,1.520,-0.0000,LithiumMetal,1
82.032,-28.252,1.520,-0.0000,LithiumMetal,1
86.530,-30.985,1.520,-0.0000,LithiumMetal,1
85.070,-28.320,1.520,-0.0000,LithiumMetal,1
83.611,-25.654,1.520,-0.0000,LithiumMetal,1
86.649,-25.722,1.520,-0.0000,LithiumMetal,1
89.451,-36.317,1.520,-0.0000,LithiumMetal,1
92.489,-36.384,1.520,-0.0000,LithiumMetal,1
87.990,-33.651,1.520,-0.0000,LithiumMetal,1
91.028,-33.718,1.520,-0.0000,LithiumMetal,1
95.528,-36.450,1.520,-0.0000,LithiumMetal,1
98.125,-34.872,1.520,-0.0000,LithiumMetal,1
94.067,-33.785,1.520,-0.0000,LithiumMetal,1
96.664,-32.207,1.520,-0.0000,LithiumMetal,1
99.703,-32.275,1.520,-0.0000,LithiumMetal,1
89.568,-31.053,1.520,-0.0000,LithiumMetal,1
88.109,-28.388,1.520,-0.0000,LithiumMetal,1
92.607,-31.120,1.520,-0.0000,LithiumMetal,1
91.147,-28.456,1.520,-0.0000,LithiumMetal,1
89.687,-25.790,1.520,-0.0000,LithiumMetal,1
93.744,-26.877,1.520,-0.0000,LithiumMetal,1
95.204,-29.542,1.520,-0.0000,LithiumMetal,1
98.242,-29.609,1.520,-0.0000,LithiumMetal,1
96.782,-26.944,1.520,-0.0000,LithiumMetal,1
99.820,-27.012,1.520,-0.0000,LithiumMetal,1
62.138,-24.169,1.520,-0.0000,LithiumMetal,1
59.484,-22.688,1.520,-0.0000,LithiumMetal,1
56.829,-21.208,1.520,-0.0000,LithiumMetal,1
62.094,-21.130,1.520,-0.0000,LithiumMetal,1
59.439,-19.649,1.520,-0.0000,LithiumMetal,1
52.164,-12.510,2.500,-0.0000,DMC,1
56.784,-18.168,1.520,-0.0000,LithiumMetal,1
62.049,-18.090,1.520,-0.0000,LithiumMetal,1
59.394,-16.609,1.520,-0.0000,LithiumMetal,1
59.349,-13.570,1.520,-0.0000,LithiumMetal,1
62.004,-15.051,1.520,-0.0000,LithiumMetal,1
64.747,-22.610,1.520,-0.0000,LithiumMetal,1
67.402,-24.091,1.520,-0.0000,LithiumMetal,1
64.703,-19.571,1.520,-0.0000,LithiumMetal,1
67.357,-21.051,1.520,-0.0000,LithiumMetal,1
70.012,-22.532,1.520,-0.0000,LithiumMetal,1
73.039,-22.782,1.520,-0.0000,LithiumMetal,1
69.966,-19.493,1.520,-0.0000,LithiumMetal,1
74.616,-20.186,1.520,-0.0000,LithiumMetal,1
64.659,-16.531,1.520,-0.0000,LithiumMetal,1
67.313,-18.012,1.520,-0.0000,LithiumMetal,1
64.614,-13.492,1.520,-0.0000,LithiumMetal,1
67.268,-14.972,1.520,-0.0000,LithiumMetal,1
69.923,-16.453,1.520,-0.0000,LithiumMetal,1
72.574,-17.936,1.520,-0.0000,LithiumMetal,1
69.878,-13.413,1.520,-0.0000,LithiumMetal,1
74.153,-15.341,1.520,-0.0000,LithiumMetal,1
59.304,-10.531,1.520,-0.0000,LithiumMetal,1
61.959,-12.011,1.520,-0.0000,LithiumMetal,1
61.913,-8.973,1.520,-0.0000,LithiumMetal,1
58.252,-2.491,2.500,-0.0000,DMC,1
64.569,-10.452,1.520,-0.0000,LithiumMetal,1
67.223,-11.933,1.520,-0.0000,LithiumMetal,1
63.558,-6.416,1.520,-0.0000,LithiumMetal,1
66.216,-7.892,1.520,-0.0000,LithiumMetal,1
71.533,-10.836,1.520,-0.0000,LithiumMetal,1
74.192,-12.305,1.520,-0.0000,LithiumMetal,1
68.874,-9.365,1.520,-0.0000,LithiumMetal,1
68.822,-6.325,1.520,-0.0000,LithiumMetal,1
71.480,-7.798,1.520,-0.0000,LithiumMetal,1
74.139,-9.268,1.520,-0.0000,LithiumMetal,1
63.506,-3.377,1.520,-0.0000,LithiumMetal,1
66.164,-4.851,1.520,-0.0000,LithiumMetal,1
63.455,-0.338,1.520,-0.0000,LithiumMetal,1
66.113,-1.813,1.520,-0.0000,LithiumMetal,1
68.729,-0.246,1.520,-0.0000,LithiumMetal,1
71.428,-4.758,1.520,-0.0000,LithiumMetal,1
68.770,-3.287,1.520,-0.0000,LithiumMetal,1
74.086,-6.230,1.520,-0.0000,LithiumMetal,1
74.043,-3.192,1.520,-0.0000,LithiumMetal,1
71.388,-1.720,1.520,-0.0000,LithiumMetal,1
73.992,-0.151,1.520,1.0000,LithiumMetal,0
76.076,-22.853,1.520,-0.0000,LithiumMetal,1
79.114,-22.920,1.520,-0.0000,LithiumMetal,1
77.655,-20.255,1.520,-0.0000,LithiumMetal,1
80.692,-20.322,1.520,-0.0000,LithiumMetal,1
82.151,-22.988,1.520,-0.0000,LithiumMetal,1
85.189,-23.056,1.520,-0.0000,LithiumMetal,1
83.729,-20.390,1.520,-0.0000,LithiumMetal,1
86.767,-20.459,1.520,-0.0000,LithiumMetal,1
76.194,-17.591,1.520,-0.0000,LithiumMetal,1
79.231,-17.657,1.520,-0.0000,LithiumMetal,1
77.769,-14.991,1.520,-0.0000,LithiumMetal,1
80.808,-15.058,1.520,-0.0000,LithiumMetal,1
82.269,-17.724,1.520,-0.0000,LithiumMetal,1
85.306,-17.793,1.520,-0.0000,LithiumMetal,1
83.407,-13.487,1.520,-0.0000,LithiumMetal,1
86.444,-13.554,1.520,-0.0000,LithiumMetal,1
88.227,-23.125,1.520,-0.0000,LithiumMetal,1
92.284,-24.212,1.520,-0.0000,LithiumMetal,1
89.364,-18.883,1.520,-0.0000,LithiumMetal,1
90.824,-21.548,1.520,-0.0000,LithiumMetal,1
92.402,-18.950,1.520,-0.0000,LithiumMetal,1
95.323,-24.280,1.520,-0.0000,LithiumMetal,1
98.361,-24.346,1.520,-0.0000,LithiumMetal,1
93.862,-21.615,1.520,-0.0000,LithiumMetal,1
95.440,-19.017,1.520,-0.0000,LithiumMetal,1
96.901,-21.682,1.520,-0.0000,LithiumMetal,1
99.938,-21.748,1.520,-0.0000,LithiumMetal,1
98.478,-19.084,1.520,-0.0000,LithiumMetal,1
87.904,-16.218,1.520,-0.0000,LithiumMetal,1
90.942,-16.286,1.520,-0.0000,LithiumMetal,1
89.480,-13.621,1.520,-0.0000,LithiumMetal,1
92.517,-13.689,1.520,-0.0000,LithiumMetal,1
93.979,-16.353,1.520,-0.0000,LithiumMetal,1
97.017,-16.420,1.520,-0.0000,LithiumMetal,1
95.556,-13.756,1.520,-0.0000,LithiumMetal,1
98.594,-13.821,1.520,-0.0000,LithiumMetal,1
76.797,-10.739,1.520,-0.0000,LithiumMetal,1
79.348,-12.393,1.520,-0.0000,LithiumMetal,1
76.743,-7.701,1.520,-0.0000,LithiumMetal,1
79.402,-9.171,1.520,-0.0000,LithiumMetal,1
81.949,-10.820,1.520,-0.0000,LithiumMetal,1
84.985,-10.887,1.520,-0.0000,LithiumMetal,1
83.662,-8.150,1.520,-0.0000,LithiumMetal,1
86.595,-7.351,1.520,-0.0000,LithiumMetal,1
76.701,-4.664,1.520,-0.0000,LithiumMetal,1
76.649,-1.626,1.520,-0.0000,LithiumMetal,1
79.308,-3.099,1.520,-0.0000,LithiumMetal,1
79.253,-0.059,1.520,-0.0000,LithiumMetal,1
83.090,-3.668,1.520,-0.0000,LithiumMetal,1
86.050,-4.360,1.520,-0.0000,LithiumMetal,1
82.210,-0.759,1.520,-0.0000,LithiumMetal,1
85.170,-1.451,1.520,-0.0000,LithiumMetal,1
88.020,-10.954,1.520,-0.0000,LithiumMetal,1
91.056,-11.022,1.520,-0.0000,LithiumMetal,1
89.585,-8.348,1.520,-0.0000,LithiumMetal,1
92.623,-8.419,1.520,-0.0000,LithiumMetal,1
94.092,-11.093,1.520,-0.0000,LithiumMetal,1
97.132,-11.156,1.520,-0.0000,LithiumMetal,1
95.661,-8.497,1.520,-0.0000,LithiumMetal,1
98.619,-7.810,1.520,-0.0000,LithiumMetal,1
88.913,-5.383,1.520,-0.0000,LithiumMetal,1
93.342,-4.949,1.520,-0.0000,LithiumMetal,1
88.130,-2.143,1.520,-0.0000,LithiumMetal,1
92.369,-2.064,1.520,-0.0000,LithiumMetal,1
96.325,-5.537,1.520,-0.0000,LithiumMetal,1
99.282,-4.845,1.520,-0.0000,LithiumMetal,1
95.347,-2.664,1.520,-0.0000,LithiumMetal,1
98.306,-1.966,1.520,-0.0000,LithiumMetal,1
102.598,-97.905,2.000,-1.0000,ElectrolyteAnion,1
106.158,-99.962,0.760,1.0000,LithiumIon,0
107.295,-97.416,2.500,-0.0000,EC,1
100.969,-93.644,2.500,-0.0000,EC,1
102.903,-89.033,2.500,-0.0000,DMC,1
106.529,-92.477,2.500,-0.0000,DMC,1
115.444,-99.895,2.500,-0.0000,DMC,1
105.142,-82.027,2.500,-0.0000,EC,1
110.164,-84.825,2.500,-0.0000,EC,1
107.646,-83.476,0.760,1.0000,LithiumIon,0
110.429,-79.514,2.000,-1.0000,ElectrolyteAnion,1
108.483,-75.436,2.500,-0.0000,EC,1
119.656,-77.806,2.500,-0.0000,EC,1
120.246,-75.164,0.760,1.0000,LithiumIon,0
128.818,-98.211,2.500,-0.0000,DMC,1
136.722,-96.996,2.500,-0.0000,DMC,1
136.496,-92.004,2.500,-0.0000,EC,1
132.631,-87.952,2.500,-0.0000,EC,1
134.604,-89.963,0.760,1.0000,LithiumIon,0
141.072,-94.001,2.500,-0.0000,DMC,1
145.282,-97.332,2.500,-0.0000,DMC,1
129.139,-84.373,2.500,-0.0000,EC,1
134.525,-83.325,2.500,-0.0000,DMC,1
130.541,-79.574,2.500,-0.0000,DMC,1
126.641,-76.446,2.500,-0.0000,DMC,1
110.972,-74.562,0.760,1.0000,LithiumIon,0
104.572,-68.377,2.500,-0.0000,DMC,1
103.497,-63.494,2.500,-0.0000,DMC,1
113.904,-73.814,2.500,-0.0000,EC,1
118.380,-73.397,2.000,-1.0000,ElectrolyteAnion,1
120.787,-72.563,0.760,1.0000,LithiumIon,0
122.670,-74.331,2.000,-1.0000,ElectrolyteAnion,1
121.368,-69.984,2.500,-0.0000,EC,1
117.871,-65.299,0.760,1.0000,LithiumIon,0
115.757,-63.347,2.500,-0.0000,EC,1
124.978,-65.857,2.500,-0.0000,EC,1
120.488,-65.571,2.000,-1.0000,ElectrolyteAnion,1
111.675,-60.462,2.500,-0.0000,DMC,1
116.223,-58.370,2.500,-0.0000,DMC,1
122.161,-61.394,2.500,-0.0000,DMC,1
124.035,-56.146,2.500,-0.0000,DMC,1
122.695,-50.813,2.500,-0.0000,DMC,1
126.143,-71.473,2.500,-0.0000,EC,1
136.550,-74.270,2.500,-0.0000,DMC,1
125.900,-68.613,0.760,1.0000,LithiumIon,0
143.045,-72.772,2.500,-0.0000,DMC,1
139.000,-69.804,2.500,-0.0000,DMC,1
147.647,-70.711,2.500,-0.0000,DMC,1
143.580,-67.802,2.500,-0.0000,EC,1
145.123,-65.433,0.760,1.0000,LithiumIon,0
146.568,-63.043,2.500,-0.0000,EC,1
127.161,-61.358,2.500,-0.0000,DMC,1
142.802,-59.753,2.500,-0.0000,DMC,1
147.535,-58.138,2.500,-0.0000,DMC,1
145.505,-53.568,2.500,-0.0000,DMC,1
158.892,-93.758,2.500,-0.0000,DMC,1
163.546,-95.582,2.500,-0.0000,EC,1
165.932,-94.082,0.760,1.0000,LithiumIon,0
171.991,-96.785,2.500,-0.0000,DMC,1
168.418,-92.712,2.500,-0.0000,EC,1
164.708,-89.355,2.500,-0.0000,DMC,1
173.344,-91.859,2.500,-0.0000,DMC,1
160.028,-87.396,2.500,-0.0000,DMC,1
156.848,-82.788,2.500,-0.0000,EC,1
161.338,-83.084,2.000,-1.0000,ElectrolyteAnion,1
156.166,-80.087,0.760,1.0000,LithiumIon,0
155.550,-77.299,2.500,-0.0000,EC,1
165.630,-84.445,2.500,-0.0000,EC,1
164.767,-81.776,0.760,1.0000,LithiumIon,0
163.649,-79.222,2.500,-0.0000,EC,1
182.177,-93.499,2.500,-0.0000,DMC,1
186.468,-90.931,2.500,-0.0000,DMC,1
181.384,-88.541,2.500,-0.0000,DMC,1
184.544,-88.443,0.760,1.0000,LithiumIon,0
191.924,-96.541,2.500,-0.0000,EC,1
200.001,-97.595,2.500,-0.0000,EC,1
199.886,-94.781,0.760,1.0000,LithiumIon,0
191.427,-91.561,2.500,-0.0000,DMC,1
200.003,-91.945,2.500,-0.0000,EC,1
196.039,-88.899,2.500,-0.0000,DMC,1
185.667,-85.878,2.500,-0.0000,EC,1
178.519,-79.320,2.500,-0.0000,DMC,1
185.840,-80.883,2.500,-0.0000,DMC,1
197.432,-84.853,0.760,1.0000,LithiumIon,0
200.005,-85.849,2.500,-0.0000,EC,1
194.685,-84.076,2.500,-0.0000,EC,1
190.840,-80.883,2.500,-0.0000,DMC,1
191.308,-75.905,2.500,-0.0000,DMC,1
195.731,-78.237,2.500,-0.0000,DMC,1
200.000,-80.845,2.500,-0.0000,DMC,1
200.002,-75.639,2.500,-0.0000,EC,1
154.002,-72.548,2.500,-0.0000,DMC,1
162.351,-74.394,2.500,-0.0000,DMC,1
151.315,-61.477,2.500,-0.0000,DMC,1
158.077,-59.496,2.500,-0.0000,DMC,1
152.274,-52.525,2.500,-0.0000,EC,1
157.682,-54.512,2.500,-0.0000,DMC,1
178.797,-73.689,2.500,-0.0000,DMC,1
181.013,-69.207,2.500,-0.0000,EC,1
186.412,-74.893,2.500,-0.0000,DMC,1
183.794,-69.608,0.760,1.0000,LithiumIon,0
186.602,-69.897,2.500,-0.0000,EC,1
176.089,-68.351,2.500,-0.0000,EC,1
180.169,-64.279,2.500,-0.0000,DMC,1
191.581,-70.336,2.500,-0.0000,EC,1
199.905,-72.806,0.760,1.0000,LithiumIon,0
200.000,-69.961,2.500,-0.0000,EC,1
195.670,-67.459,2.500,-0.0000,DMC,1
200.003,-64.963,2.500,-0.0000,DMC,1
185.488,-58.828,2.500,-0.0000,EC,1
183.494,-54.246,2.500,-0.0000,EC,1
182.062,-51.763,0.760,1.0000,LithiumIon,0
195.671,-62.459,2.500,-0.0000,DMC,1
200.001,-59.964,2.500,-0.0000,EC,1
195.455,-56.831,2.500,-0.0000,DMC,1
199.938,-57.136,0.760,1.0000,LithiumIon,0
191.663,-53.442,2.500,-0.0000,DMC,1
199.998,-54.283,2.500,-0.0000,EC,1
107.422,-45.033,2.500,-0.0000,DMC,1
118.353,-48.333,2.500,-0.0000,EC,1
121.518,-38.494,1.520,1.0000,FoilMetal,0
124.558,-38.482,1.520,-0.0000,FoilMetal,1
101.163,-34.941,1.520,-0.0000,LithiumMetal,1
104.202,-35.008,1.520,-0.0000,LithiumMetal,1
102.741,-32.342,1.520,-0.0000,LithiumMetal,1
105.779,-32.410,1.520,-0.0000,LithiumMetal,1
107.241,-35.075,1.520,-0.0000,LithiumMetal,1
108.817,-32.476,1.520,-0.0000,LithiumMetal,1
111.330,-34.183,1.520,-0.0000,LithiumMetal,1
101.280,-29.677,1.520,-0.0000,LithiumMetal,1
104.318,-29.744,1.520,-0.0000,LithiumMetal,1
102.858,-27.078,1.520,-0.0000,LithiumMetal,1
105.896,-27.146,1.520,-0.0000,LithiumMetal,1
107.356,-29.812,1.520,-0.0000,LithiumMetal,1
110.393,-29.878,1.520,-0.0000,LithiumMetal,1
108.933,-27.213,1.520,-0.0000,LithiumMetal,1
111.971,-27.282,1.520,-0.0000,LithiumMetal,1
114.368,-34.250,1.520,-0.0000,LithiumMetal,1
112.907,-31.584,1.520,-0.0000,LithiumMetal,1
117.407,-34.314,1.520,-0.0000,LithiumMetal,1
115.944,-31.651,1.520,-0.0000,LithiumMetal,1
118.884,-36.971,1.520,-0.0000,LithiumMetal,1
121.518,-35.454,1.520,-0.0000,FoilMetal,1
124.558,-35.442,1.520,-0.0000,FoilMetal,1
121.518,-32.414,1.520,-0.0000,FoilMetal,1
124.558,-32.402,1.520,-0.0000,FoilMetal,1
114.488,-28.983,1.520,-0.0000,LithiumMetal,1
116.247,-26.331,1.520,-0.0000,LithiumMetal,1
118.883,-30.892,1.520,-0.0000,LithiumMetal,1
121.515,-29.374,1.520,-0.0000,FoilMetal,1
124.555,-29.362,1.520,-0.0000,FoilMetal,1
118.881,-27.852,1.520,-0.0000,LithiumMetal,1
121.516,-26.334,1.520,-0.0000,FoilMetal,1
124.556,-26.322,1.520,-0.0000,FoilMetal,1
127.598,-38.482,1.520,-0.0000,FoilMetal,1
130.638,-38.482,1.520,-0.0000,FoilMetal,1
134.742,-43.270,2.500,-0.0000,DMC,1
133.678,-38.482,1.520,-0.0000,FoilMetal,1
136.718,-38.485,1.520,-0.0000,FoilMetal,1
138.467,-46.657,2.500,-0.0000,DMC,1
140.265,-44.297,0.760,1.0000,LithiumIon,0
143.205,-44.763,2.500,-0.0000,DMC,1
139.415,-41.467,2.500,-0.0000,DMC,1
144.109,-39.746,2.500,-0.0000,DMC,1
127.598,-35.442,1.520,-0.0000,FoilMetal,1
130.638,-35.442,1.520,-0.0000,FoilMetal,1
127.598,-32.402,1.520,-0.0000,FoilMetal,1
130.638,-32.402,1.520,-0.0000,FoilMetal,1
133.678,-35.442,1.520,-0.0000,FoilMetal,1
136.718,-35.445,1.520,-0.0000,FoilMetal,1
133.678,-32.402,1.520,-0.0000,FoilMetal,1
136.718,-32.405,1.520,-0.0000,FoilMetal,1
127.595,-29.362,1.520,-0.0000,FoilMetal,1
130.635,-29.362,1.520,-0.0000,FoilMetal,1
127.596,-26.322,1.520,-0.0000,FoilMetal,1
130.636,-26.323,1.520,-0.0000,FoilMetal,1
133.675,-29.362,1.520,1.0000,FoilMetal,0
136.715,-29.365,1.520,-0.0000,FoilMetal,1
133.676,-26.322,1.520,-0.0000,FoilMetal,1
136.716,-26.325,1.520,-0.0000,FoilMetal,1
139.353,-36.962,1.520,-0.0000,LithiumMetal,1
139.353,-33.921,1.520,-0.0000,LithiumMetal,1
144.491,-34.416,2.500,-0.0000,DMC,1
140.697,-25.584,2.500,-0.0000,DMC,1
148.007,-26.349,2.500,-0.0000,DMC,1
101.398,-24.414,1.520,-0.0000,LithiumMetal,1
104.436,-24.481,1.520,-0.0000,LithiumMetal,1
106.014,-21.883,1.520,-0.0000,LithiumMetal,1
102.976,-21.816,1.520,-0.0000,LithiumMetal,1
101.516,-19.150,1.520,-0.0000,LithiumMetal,1
104.554,-19.218,1.520,-0.0000,LithiumMetal,1
107.474,-24.548,1.520,-0.0000,LithiumMetal,1
109.053,-21.950,1.520,-0.0000,LithiumMetal,1
110.512,-24.616,1.520,-0.0000,LithiumMetal,1
112.092,-22.019,1.520,-0.0000,LithiumMetal,1
107.593,-19.286,1.520,-0.0000,LithiumMetal,1
110.633,-19.353,1.520,-0.0000,LithiumMetal,1
100.056,-16.486,1.520,-0.0000,LithiumMetal,1
103.094,-16.552,1.520,-0.0000,LithiumMetal,1
106.133,-16.620,1.520,-0.0000,LithiumMetal,1
101.633,-13.887,1.520,-0.0000,LithiumMetal,1
104.672,-13.954,1.520,-0.0000,LithiumMetal,1
109.172,-16.688,1.520,-0.0000,LithiumMetal,1
107.711,-14.022,1.520,-0.0000,LithiumMetal,1
110.751,-14.090,1.520,-0.0000,LithiumMetal,1
113.550,-24.686,1.520,-0.0000,LithiumMetal,1
116.248,-23.291,1.520,-0.0000,LithiumMetal,1
116.248,-20.252,1.520,-0.0000,LithiumMetal,1
118.880,-24.812,1.520,-0.0000,LithiumMetal,1
121.514,-23.294,1.520,-0.0000,FoilMetal,1
124.554,-23.282,1.520,-0.0000,FoilMetal,1
118.881,-21.772,1.520,-0.0000,LithiumMetal,1
121.514,-20.254,1.520,-0.0000,FoilMetal,1
124.554,-20.242,1.520,-0.0000,FoilMetal,1
113.614,-18.733,1.520,-0.0000,LithiumMetal,1
113.614,-15.693,1.520,-0.0000,LithiumMetal,1
116.247,-17.212,1.520,-0.0000,LithiumMetal,1
113.612,-12.653,1.520,-0.0000,LithiumMetal,1
116.246,-14.173,1.520,-0.0000,LithiumMetal,1
118.880,-18.732,1.520,-0.0000,LithiumMetal,1
121.514,-17.214,1.520,-0.0000,FoilMetal,1
118.880,-15.692,1.520,-0.0000,LithiumMetal,1
124.554,-17.202,1.520,-0.0000,FoilMetal,1
121.514,-14.174,1.520,-0.0000,FoilMetal,1
118.878,-12.653,1.520,-0.0000,LithiumMetal,1
124.554,-14.163,1.520,-0.0000,FoilMetal,1
100.171,-11.223,1.520,-0.0000,LithiumMetal,1
103.703,-10.692,1.520,-0.0000,LithiumMetal,1
101.571,-8.525,1.520,-0.0000,LithiumMetal,1
104.512,-7.761,1.520,-0.0000,LithiumMetal,1
109.290,-11.424,1.520,-0.0000,LithiumMetal,1
106.645,-9.926,1.520,-0.0000,LithiumMetal,1
107.453,-6.996,1.520,-0.0000,LithiumMetal,1
110.317,-8.015,1.520,-0.0000,LithiumMetal,1
102.236,-5.559,1.520,-0.0000,LithiumMetal,1
105.178,-4.795,1.520,-0.0000,LithiumMetal,1
101.293,-2.572,1.520,-0.0000,LithiumMetal,1
104.248,-1.858,1.520,-0.0000,LithiumMetal,1
108.119,-4.032,1.520,-0.0000,LithiumMetal,1
110.983,-5.049,1.520,-0.0000,LithiumMetal,1
107.200,-1.136,1.520,-0.0000,LithiumMetal,1
110.326,-1.941,1.520,-0.0000,LithiumMetal,1
113.613,-9.611,1.520,-0.0000,LithiumMetal,1
116.245,-11.133,1.520,-0.0000,LithiumMetal,1
113.614,-6.571,1.520,-0.0000,LithiumMetal,1
116.246,-8.091,1.520,-0.0000,LithiumMetal,1
121.512,-11.134,1.520,-0.0000,FoilMetal,1
118.875,-9.613,1.520,-0.0000,LithiumMetal,1
124.552,-11.123,1.520,-0.0000,FoilMetal,1
121.507,-8.094,1.520,-0.0000,FoilMetal,1
118.879,-6.572,1.520,-0.0000,LithiumMetal,1
124.547,-8.083,1.520,-0.0000,FoilMetal,1
113.614,-3.531,1.520,-0.0000,LithiumMetal,1
116.247,-5.051,1.520,-0.0000,LithiumMetal,1
113.621,-0.492,1.520,-0.0000,LithiumMetal,1
116.252,-2.012,1.520,-0.0000,LithiumMetal,1
121.514,-5.054,1.520,-0.0000,FoilMetal,1
118.882,-3.532,1.520,-0.0000,LithiumMetal,1
124.554,-5.043,1.520,-0.0000,FoilMetal,1
121.517,-2.014,1.520,-0.0000,FoilMetal,1
118.885,-0.493,1.520,-0.0000,LithiumMetal,1
124.557,-2.003,1.520,-0.0000,FoilMetal,1
127.594,-23.282,1.520,-0.0000,FoilMetal,1
130.634,-23.283,1.520,-0.0000,FoilMetal,1
127.594,-20.242,1.520,-0.0000,FoilMetal,1
130.634,-20.243,1.520,-0.0000,FoilMetal,1
133.674,-23.282,1.520,-0.0000,FoilMetal,1
136.714,-23.285,1.520,-0.0000,FoilMetal,1
133.674,-20.242,1.520,-0.0000,FoilMetal,1
136.714,-20.245,1.520,-0.0000,FoilMetal,1
127.594,-17.202,1.520,-0.0000,FoilMetal,1
130.634,-17.203,1.520,-0.0000,FoilMetal,1
127.594,-14.162,1.520,-0.0000,FoilMetal,1
130.634,-14.163,1.520,-0.0000,FoilMetal,1
133.674,-17.202,1.520,-0.0000,FoilMetal,1
136.714,-17.205,1.520,-0.0000,FoilMetal,1
133.674,-14.162,1.520,-0.0000,FoilMetal,1
136.714,-14.165,1.520,-0.0000,FoilMetal,1
141.316,-20.005,2.750,0.0000,SEI,0
146.366,-21.550,2.500,-0.0000,DMC,1
145.307,-18.595,0.760,1.0000,LithiumIon,0
144.665,-15.860,2.500,-0.0000,EC,1
127.592,-11.122,1.520,-0.0000,FoilMetal,1
130.632,-11.123,1.520,-0.0000,FoilMetal,1
127.587,-8.082,1.520,-0.0000,FoilMetal,1
130.627,-8.083,1.520,-0.0000,FoilMetal,1
133.672,-11.122,1.520,-0.0000,FoilMetal,1
136.712,-11.125,1.520,-0.0000,FoilMetal,1
133.667,-8.082,1.520,1.0000,FoilMetal,0
136.707,-8.085,1.520,-0.0000,FoilMetal,1
127.594,-5.043,1.520,-0.0000,FoilMetal,1
130.634,-5.043,1.520,-0.0000,FoilMetal,1
127.597,-2.003,1.520,-0.0000,FoilMetal,1
130.637,-2.003,1.520,-0.0000,FoilMetal,1
133.674,-5.042,1.520,-0.0000,FoilMetal,1
136.714,-5.045,1.520,-0.0000,FoilMetal,1
133.677,-2.002,1.520,-0.0000,FoilMetal,1
136.717,-2.005,1.520,-0.0000,FoilMetal,1
140.939,-12.124,2.750,0.0000,SEI,0
142.437,-2.748,2.500,-0.0000,EC,1
147.044,-0.810,2.500,-0.0000,EC,1
156.386,-49.684,2.500,-0.0000,EC,1
158.871,-48.297,0.760,1.0000,LithiumIon,0
161.285,-46.878,2.500,-0.0000,EC,1
150.506,-39.323,2.500,-0.0000,DMC,1
157.757,-38.050,2.500,-0.0000,DMC,1
165.398,-44.038,2.500,-0.0000,EC,1
172.904,-47.580,2.500,-0.0000,DMC,1
168.035,-38.393,2.500,-0.0000,DMC,1
170.341,-43.287,2.500,-0.0000,EC,1
150.418,-34.051,2.500,-0.0000,DMC,1
153.332,-29.988,2.500,-0.0000,DMC,1
155.348,-25.413,2.500,-0.0000,EC,1
160.125,-26.892,2.500,-0.0000,EC,1
166.658,-32.217,2.500,-0.0000,DMC,1
171.585,-31.340,2.500,-0.0000,DMC,1
162.946,-27.157,0.760,1.0000,LithiumIon,0
165.819,-27.151,2.500,-0.0000,EC,1
170.742,-26.284,2.500,-0.0000,EC,1
180.909,-49.265,2.500,-0.0000,EC,1
178.465,-44.907,2.500,-0.0000,DMC,1
184.914,-47.213,2.000,-1.0000,ElectrolyteAnion,1
179.302,-39.977,2.500,-0.0000,DMC,1
183.263,-43.026,2.500,-0.0000,DMC,1
188.922,-49.263,2.500,-0.0000,EC,1
188.732,-46.471,0.760,1.0000,LithiumIon,0
188.207,-43.764,2.500,-0.0000,EC,1
200.001,-47.750,2.500,-0.0000,EC,1
199.894,-44.960,0.760,1.0000,LithiumIon,0
188.123,-38.768,2.500,-0.0000,DMC,1
200.002,-42.139,2.500,-0.0000,EC,1
195.669,-39.644,2.500,-0.0000,DMC,1
175.947,-36.270,2.500,-0.0000,DMC,1
177.892,-32.752,1.520,-0.0000,LithiumMetal,1
180.809,-33.607,1.520,-0.0000,LithiumMetal,1
183.746,-36.351,2.500,-0.0000,EC,1
177.083,-29.788,0.760,1.0000,LithiumIon,0
179.998,-30.651,1.520,-0.0000,LithiumMetal,1
192.446,-35.821,2.500,-0.0000,DMC,1
200.003,-37.143,2.500,-0.0000,DMC,1
196.774,-33.326,2.500,-0.0000,EC,1
198.394,-31.016,0.760,1.0000,LithiumIon,0
200.005,-28.757,2.500,-0.0000,EC,1
168.014,-22.081,2.500,-0.0000,EC,1
172.818,-22.275,2.000,-1.0000,ElectrolyteAnion,1
170.544,-20.784,0.760,1.0000,LithiumIon,0
172.559,-19.598,0.760,1.0000,LithiumIon,0
163.464,-15.447,2.500,-0.0000,EC,1
170.340,-18.119,2.000,-1.0000,ElectrolyteAnion,1
174.691,-13.264,2.500,-0.0000,DMC,1
163.315,-10.449,2.500,-0.0000,DMC,1
172.641,-4.279,2.500,-0.0000,EC,1
183.244,-19.997,2.500,-0.0000,DMC,1
175.067,-18.366,2.500,-0.0000,EC,1
191.764,-22.539,2.500,-0.0000,DMC,1
195.134,-18.843,2.500,-0.0000,EC,1
200.007,-21.705,2.500,-0.0000,EC,1
197.562,-20.307,0.760,1.0000,LithiumIon,0
191.536,-15.370,2.500,-0.0000,EC,1
199.979,-14.846,2.500,-0.0000,DMC,1
179.631,-12.497,2.500,-0.0000,EC,1
182.501,-12.137,0.760,1.0000,LithiumIon,0
185.240,-11.690,2.500,-0.0000,EC,1
183.799,-7.427,2.000,-1.0000,ElectrolyteAnion,1
177.584,-3.531,2.500,-0.0000,EC,1
180.419,-3.259,0.760,1.0000,LithiumIon,0
183.177,-2.930,2.500,-0.0000,EC,1
195.707,-12.238,2.500,-0.0000,DMC,1
200.002,-9.679,2.500,-0.0000,EC,1
199.859,-6.875,0.760,1.0000,LithiumIon,0
187.670,-5.123,2.500,-0.0000,EC,1
194.656,-3.724,2.500,-0.0000,DMC,1
200.001,-4.065,2.500,-0.0000,EC,1
-200.004,2.429,2.500,-0.0000,EC,1
-196.034,2.188,0.760,1.0000,LithiumIon,0
-199.382,5.265,0.760,1.0000,LithiumIon,0
-195.898,4.446,2.000,-1.0000,ElectrolyteAnion,1
-192.068,1.379,2.500,-0.0000,EC,1
-192.672,4.298,0.760,1.0000,LithiumIon,0
-199.581,8.090,2.500,-0.0000,EC,1
-192.295,7.166,2.500,-0.0000,EC,1
-190.364,11.778,2.500,-0.0000,DMC,1
-184.689,11.469,2.500,-0.0000,DMC,1
-200.000,13.993,2.500,-0.0000,EC,1
-199.927,16.799,0.760,1.0000,LithiumIon,0
-200.002,19.628,2.500,-0.0000,EC,1
-198.246,24.309,2.500,-0.0000,DMC,1
-191.115,24.796,2.500,-0.0000,EC,1
-178.652,19.760,2.500,-0.0000,EC,1
-177.856,24.693,2.500,-0.0000,EC,1
-167.789,1.596,2.500,-0.0000,EC,1
-162.590,0.963,2.000,-1.0000,ElectrolyteAnion,1
-165.924,3.718,0.760,1.0000,LithiumIon,0
-163.624,5.351,2.500,-0.0000,EC,1
-171.520,10.205,2.500,-0.0000,EC,1
-166.593,11.063,2.500,-0.0000,DMC,1
-157.318,1.659,2.500,-0.0000,EC,1
-153.565,4.962,2.500,-0.0000,EC,1
-161.437,9.847,2.500,-0.0000,DMC,1
-152.373,9.818,2.500,-0.0000,DMC,1
-172.180,15.160,2.500,-0.0000,EC,1
-173.195,17.746,0.760,1.0000,LithiumIon,0
-162.742,15.022,2.500,-0.0000,DMC,1
-173.701,20.471,2.500,-0.0000,EC,1
-169.070,22.367,2.500,-0.0000,DMC,1
-151.632,14.340,2.000,-1.0000,ElectrolyteAnion,1
-155.543,16.567,2.500,-0.0000,EC,1
-152.331,16.972,0.760,1.0000,LithiumIon,0
-159.123,20.061,2.500,-0.0000,DMC,1
-156.654,23.823,2.000,-1.0000,ElectrolyteAnion,1
-153.173,20.964,2.500,-0.0000,EC,1
-152.988,23.720,0.760,1.0000,LithiumIon,0
-200.006,29.013,2.500,-0.0000,EC,1
-197.683,30.612,0.760,1.0000,LithiumIon,0
-195.187,32.591,2.500,-0.0000,EC,1
-190.682,34.761,2.500,-0.0000,EC,1
-178.250,27.453,0.760,1.0000,LithiumIon,0
-178.618,30.244,2.500,-0.0000,EC,1
-179.059,35.225,2.500,-0.0000,EC,1
-199.718,38.403,2.500,-0.0000,DMC,1
-200.001,43.392,2.500,-0.0000,EC,1
-187.912,38.922,2.500,-0.0000,EC,1
-199.949,46.213,0.760,1.0000,LithiumIon,0
-200.000,49.062,2.500,-0.0000,EC,1
-184.574,42.644,2.500,-0.0000,DMC,1
-178.982,41.428,2.500,-0.0000,DMC,1
-183.067,47.410,2.500,-0.0000,EC,1
-170.535,27.147,2.500,-0.0000,DMC,1
-165.614,25.982,2.500,-0.0000,EC,1
-160.614,25.962,2.500,-0.0000,DMC,1
-157.932,30.190,2.500,-0.0000,DMC,1
-153.074,26.552,2.500,-0.0000,EC,1
-159.920,34.813,2.500,-0.0000,DMC,1
-173.926,41.097,2.500,-0.0000,DMC,1
-167.367,41.985,2.500,-0.0000,DMC,1
-163.016,46.023,2.500,-0.0000,EC,1
-159.984,42.048,2.500,-0.0000,EC,1
-157.395,40.799,0.760,1.0000,LithiumIon,0
-154.799,39.686,2.500,-0.0000,EC,1
-158.237,47.494,2.500,-0.0000,EC,1
-155.796,49.047,0.760,1.0000,LithiumIon,0
-147.499,3.213,2.500,-0.0000,DMC,1
-138.472,1.039,1.520,-0.0000,FoilMetal,1
-142.637,5.194,2.750,0.0000,SEI,0
-138.476,4.079,1.520,-0.0000,FoilMetal,1
-147.587,8.367,2.500,-0.0000,DMC,1
-138.475,7.119,1.520,-0.0000,FoilMetal,1
-142.713,10.693,2.750,0.0000,SEI,0
-138.476,10.159,1.520,-1.0000,FoilMetal,2
-135.432,1.037,1.520,-0.0000,FoilMetal,1
-132.392,1.036,1.520,-0.0000,FoilMetal,1
-135.436,4.077,1.520,-0.0000,FoilMetal,1
-132.396,4.076,1.520,-0.0000,FoilMetal,1
-129.352,1.037,1.520,-0.0000,FoilMetal,1
-126.312,1.037,1.520,-0.0000,FoilMetal,1
-129.356,4.077,1.520,-0.0000,FoilMetal,1
-126.316,4.077,1.520,-0.0000,FoilMetal,1
-135.435,7.117,1.520,-0.0000,FoilMetal,1
-132.395,7.116,1.520,-0.0000,FoilMetal,1
-135.436,10.157,1.520,-0.0000,FoilMetal,1
-132.396,10.156,1.520,-0.0000,FoilMetal,1
-129.355,7.117,1.520,-0.0000,FoilMetal,1
-126.315,7.117,1.520,-0.0000,FoilMetal,1
-129.356,10.157,1.520,-0.0000,FoilMetal,1
-126.316,10.157,1.520,-0.0000,FoilMetal,1
-147.243,13.355,2.500,-0.0000,EC,1
-144.212,13.837,0.760,1.0000,LithiumIon,0
-149.092,18.076,2.500,-0.0000,EC,1
-143.839,17.355,2.750,0.0000,SEI,0
-138.476,13.199,1.520,-0.0000,FoilMetal,1
-138.476,16.239,1.520,-0.0000,FoilMetal,1
-146.017,22.141,2.500,-0.0000,DMC,1
-141.111,20.803,1.520,-1.0000,LithiumMetal,2
-138.476,19.279,1.520,-0.0000,FoilMetal,1
-138.477,22.319,1.520,-0.0000,FoilMetal,1
-135.436,13.197,1.520,-0.0000,FoilMetal,1
-132.396,13.196,1.520,-0.0000,FoilMetal,1
-135.436,16.237,1.520,-0.0000,FoilMetal,1
-132.396,16.236,1.520,-0.0000,FoilMetal,1
-129.356,13.197,1.520,-0.0000,FoilMetal,1
-126.316,13.197,1.520,-0.0000,FoilMetal,1
-129.356,16.237,1.520,-0.0000,FoilMetal,1
-126.316,16.237,1.520,-0.0000,FoilMetal,1
-135.436,19.277,1.520,-0.0000,FoilMetal,1
-132.396,19.276,1.520,-0.0000,FoilMetal,1
-135.437,22.317,1.520,-0.0000,FoilMetal,1
-132.397,22.316,1.520,-0.0000,FoilMetal,1
-129.356,19.277,1.520,-0.0000,FoilMetal,1
-126.316,19.277,1.520,-0.0000,FoilMetal,1
-129.357,22.317,1.520,-0.0000,FoilMetal,1
-126.317,22.317,1.520,-0.0000,FoilMetal,1
-123.272,1.042,1.520,-0.0000,FoilMetal,1
-120.639,2.562,1.520,-0.0000,LithiumMetal,1
-123.276,4.082,1.520,-0.0000,FoilMetal,1
-120.641,5.605,1.520,-0.0000,LithiumMetal,1
-117.343,0.967,1.520,-0.0000,LithiumMetal,1
-114.337,0.136,1.520,-0.0000,LithiumMetal,1
-115.145,3.065,1.520,-0.0000,LithiumMetal,1
-118.008,4.085,1.520,-0.0000,LithiumMetal,1
-114.301,5.984,1.520,-0.0000,LithiumMetal,1
-123.275,7.122,1.520,-0.0000,FoilMetal,1
-120.641,8.646,1.520,-0.0000,LithiumMetal,1
-123.276,10.162,1.520,-0.0000,FoilMetal,1
-120.641,11.686,1.520,-0.0000,LithiumMetal,1
-117.384,7.060,1.520,-0.0000,LithiumMetal,1
-114.995,8.940,1.520,-0.0000,LithiumMetal,1
-117.772,10.176,1.520,-0.0000,LithiumMetal,1
-115.236,11.967,1.520,-0.0000,LithiumMetal,1
-111.387,0.863,1.520,-0.0000,LithiumMetal,1
-109.121,2.883,1.520,-0.0000,LithiumMetal,1
-112.193,3.794,1.520,-0.0000,LithiumMetal,1
-108.440,5.838,1.520,-0.0000,LithiumMetal,1
-105.512,0.721,1.520,-0.0000,LithiumMetal,1
-103.290,2.795,1.520,-0.0000,LithiumMetal,1
-106.192,3.698,1.520,-0.0000,LithiumMetal,1
-100.386,3.692,1.520,-0.0000,LithiumMetal,1
-102.615,5.759,1.520,-0.0000,LithiumMetal,1
-111.350,6.714,1.520,-0.0000,LithiumMetal,1
-109.134,8.795,1.520,-0.0000,LithiumMetal,1
-112.044,9.674,1.520,-0.0000,LithiumMetal,1
-109.824,11.750,1.520,-0.0000,LithiumMetal,1
-105.517,6.662,1.520,-0.0000,LithiumMetal,1
-103.300,8.740,1.520,-0.0000,LithiumMetal,1
-106.210,9.621,1.520,-0.0000,LithiumMetal,1
-103.993,11.700,1.520,-0.0000,LithiumMetal,1
-100.392,9.620,1.520,-0.0000,LithiumMetal,1
-123.276,13.202,1.520,-0.0000,FoilMetal,1
-120.641,14.725,1.520,-0.0000,LithiumMetal,1
-123.276,16.242,1.520,-0.0000,FoilMetal,1
-120.642,17.765,1.520,-0.0000,LithiumMetal,1
-118.009,13.206,1.520,-0.0000,LithiumMetal,1
-118.009,16.246,1.520,-0.0000,LithiumMetal,1
-114.970,16.213,1.520,-0.0000,LithiumMetal,1
-123.276,19.282,1.520,-0.0000,FoilMetal,1
-120.643,20.806,1.520,-0.0000,LithiumMetal,1
-123.277,22.322,1.520,-0.0000,FoilMetal,1
-120.642,23.845,1.520,-0.0000,LithiumMetal,1
-118.010,19.286,1.520,-0.0000,LithiumMetal,1
-114.971,19.252,1.520,-0.0000,LithiumMetal,1
-118.010,22.326,1.520,-0.0000,LithiumMetal,1
-114.972,22.291,1.520,-0.0000,LithiumMetal,1
-112.474,13.233,1.520,-0.0000,LithiumMetal,1
-106.901,12.585,1.520,-0.0000,LithiumMetal,1
-109.138,14.709,1.520,-0.0000,LithiumMetal,1
-111.931,16.222,1.520,-0.0000,LithiumMetal,1
-109.298,17.742,1.520,-0.0000,LithiumMetal,1
-106.218,15.547,1.520,-0.0000,LithiumMetal,1
-103.310,14.661,1.520,-0.0000,LithiumMetal,1
-101.086,12.589,1.520,-0.0000,LithiumMetal,1
-100.407,15.553,1.520,-0.0000,LithiumMetal,1
-103.997,17.622,1.520,-0.0000,LithiumMetal,1
-101.091,18.515,1.520,-0.0000,LithiumMetal,1
-111.933,19.262,1.520,-0.0000,LithiumMetal,1
-106.664,19.260,1.520,-0.0000,LithiumMetal,1
-109.301,20.781,1.520,-0.0000,LithiumMetal,1
-111.933,22.301,1.520,-0.0000,LithiumMetal,1
-106.669,22.299,1.520,-0.0000,LithiumMetal,1
-109.301,23.820,1.520,-0.0000,LithiumMetal,1
-103.318,20.585,1.520,-0.0000,LithiumMetal,1
-100.420,21.499,1.520,-0.0000,LithiumMetal,1
-104.038,23.816,1.520,-0.0000,LithiumMetal,1
-101.072,24.468,1.520,-0.0000,LithiumMetal,1
-149.431,29.974,2.500,-0.0000,DMC,1
-142.604,26.447,2.750,0.0000,SEI,0
-138.475,25.359,1.520,-0.0000,FoilMetal,1
-138.476,28.399,1.520,-0.0000,FoilMetal,1
-147.608,34.897,2.750,0.0000,SEI,0
-142.512,32.829,2.750,0.0000,SEI,0
-138.475,31.439,1.520,-0.0000,FoilMetal,1
-138.473,34.479,1.520,-0.0000,FoilMetal,1
-135.435,25.357,1.520,-0.0000,FoilMetal,1
-132.395,25.356,1.520,-0.0000,FoilMetal,1
-135.436,28.397,1.520,-0.0000,FoilMetal,1
-132.396,28.396,1.520,-0.0000,FoilMetal,1
-129.355,25.357,1.520,-0.0000,FoilMetal,1
-126.315,25.357,1.520,-0.0000,FoilMetal,1
-129.356,28.397,1.520,-0.0000,FoilMetal,1
-126.316,28.397,1.520,-0.0000,FoilMetal,1
-135.435,31.437,1.520,-0.0000,FoilMetal,1
-132.395,31.436,1.520,-0.0000,FoilMetal,1
-135.433,34.477,1.520,-0.0000,FoilMetal,1
-132.393,34.476,1.520,-0.0000,FoilMetal,1
-129.355,31.437,1.520,-0.0000,FoilMetal,1
-126.315,31.437,1.520,-0.0000,FoilMetal,1
-129.353,34.477,1.520,-0.0000,FoilMetal,1
-126.313,34.477,1.520,-0.0000,FoilMetal,1
-147.675,39.166,1.520,-0.0000,LithiumMetal,1
-144.644,39.410,1.520,-0.0000,LithiumMetal,1
-149.995,42.750,2.750,0.0000,SEI,0
-141.794,40.466,1.520,-0.0000,LithiumMetal,1
-138.477,37.519,1.520,-0.0000,FoilMetal,1
-139.132,43.555,2.500,-0.0000,DMC,1
-144.437,43.873,2.750,0.0000,SEI,0
-147.919,49.534,2.500,-0.0000,DMC,1
-141.337,48.111,2.500,-0.0000,DMC,1
-135.437,37.517,1.520,-0.0000,FoilMetal,1
-136.959,40.153,1.520,-1.0000,LithiumMetal,2
-132.397,37.516,1.520,-0.0000,FoilMetal,1
-133.008,41.490,2.500,-0.0000,DMC,1
-129.357,37.517,1.520,-0.0000,FoilMetal,1
-126.317,37.517,1.520,-0.0000,FoilMetal,1
-127.833,40.152,1.520,-1.0000,LithiumMetal,2
-133.255,46.727,0.760,1.0000,LithiumIon,0
-135.963,47.420,2.500,-0.0000,EC,1
-130.577,45.858,2.500,-0.0000,EC,1
-125.957,43.955,2.500,-0.0000,DMC,1
-127.019,49.371,2.500,-0.0000,DMC,1
-123.275,25.362,1.520,-0.0000,FoilMetal,1
-120.642,26.885,1.520,-0.0000,LithiumMetal,1
-123.276,28.402,1.520,-0.0000,FoilMetal,1
-120.641,29.925,1.520,-0.0000,LithiumMetal,1
-118.010,25.365,1.520,-0.0000,LithiumMetal,1
-114.971,25.329,1.520,-0.0000,LithiumMetal,1
-118.009,28.405,1.520,-0.0000,LithiumMetal,1
-114.970,28.368,1.520,-0.0000,LithiumMetal,1
-123.275,31.442,1.520,-0.0000,FoilMetal,1
-120.640,32.965,1.520,-0.0000,LithiumMetal,1
-123.273,34.482,1.520,-0.0000,FoilMetal,1
-120.641,36.008,1.520,-0.0000,LithiumMetal,1
-118.008,31.445,1.520,-0.0000,LithiumMetal,1
-114.969,31.406,1.520,-0.0000,LithiumMetal,1
-118.008,34.485,1.520,-0.0000,LithiumMetal,1
-114.968,34.445,1.520,-0.0000,LithiumMetal,1
-113.460,37.085,1.520,-0.0000,LithiumMetal,1
-111.932,25.340,1.520,-0.0000,LithiumMetal,1
-106.668,25.338,1.520,-0.0000,LithiumMetal,1
-109.299,26.860,1.520,-0.0000,LithiumMetal,1
-111.932,28.380,1.520,-0.0000,LithiumMetal,1
-106.667,28.377,1.520,-0.0000,LithiumMetal,1
-109.298,29.898,1.520,-0.0000,LithiumMetal,1
-104.034,26.856,1.520,-0.0000,LithiumMetal,1
-100.439,27.440,1.520,-0.0000,LithiumMetal,1
-104.033,29.894,1.520,-0.0000,LithiumMetal,1
-101.000,30.666,1.520,-0.0000,LithiumMetal,1
-111.930,31.419,1.520,-0.0000,LithiumMetal,1
-106.665,31.416,1.520,-0.0000,LithiumMetal,1
-109.297,32.938,1.520,-0.0000,LithiumMetal,1
-111.928,34.459,1.520,-0.0000,LithiumMetal,1
-106.664,34.456,1.520,-0.0000,LithiumMetal,1
-109.295,35.977,1.520,-0.0000,LithiumMetal,1
-106.660,37.496,1.520,-0.0000,LithiumMetal,1
-104.034,32.934,1.520,-0.0000,LithiumMetal,1
-101.203,34.033,1.520,-0.0000,LithiumMetal,1
-104.029,35.973,1.520,-0.0000,LithiumMetal,1
-101.193,37.072,1.520,-0.0000,LithiumMetal,1
-123.277,37.522,1.520,-0.0000,FoilMetal,1
-120.174,40.078,2.500,-0.0000,DMC,1
-115.017,41.061,2.750,0.0000,SEI,0
-119.124,44.967,2.500,-0.0000,DMC,1
-122.030,49.036,2.500,-0.0000,DMC,1
-114.357,46.476,2.500,-0.0000,DMC,1
-109.292,39.017,1.520,-0.0000,LithiumMetal,1
-101.181,40.112,1.520,-0.0000,LithiumMetal,1
-106.143,42.050,2.750,0.0000,SEI,0
-109.041,46.713,2.500,-0.0000,DMC,1
-103.991,46.839,2.500,-0.0000,DMC,1
-192.393,55.835,2.500,-0.0000,DMC,1
-200.000,57.377,2.500,-0.0000,EC,1
-199.936,60.209,0.760,1.0000,LithiumIon,0
-192.283,60.834,2.500,-0.0000,DMC,1
-183.325,50.259,0.760,1.0000,LithiumIon,0
-183.514,53.009,2.500,-0.0000,EC,1
-186.773,56.796,2.500,-0.0000,DMC,1
-181.603,57.626,2.500,-0.0000,DMC,1
-187.181,61.779,2.500,-0.0000,DMC,1
-200.000,63.055,2.500,-0.0000,EC,1
-200.000,68.055,2.500,-0.0000,DMC,1
-190.509,65.506,2.500,-0.0000,EC,1
-191.073,68.280,0.760,1.0000,LithiumIon,0
-200.000,73.052,2.500,-0.0000,EC,1
-191.643,71.067,2.500,-0.0000,EC,1
-177.014,65.446,2.500,-0.0000,DMC,1
-176.445,70.414,2.500,-0.0000,DMC,1
-174.141,51.838,2.500,-0.0000,DMC,1
-169.416,50.177,2.500,-0.0000,DMC,1
-163.881,53.858,2.500,-0.0000,EC,1
-163.414,56.673,0.760,1.0000,LithiumIon,0
-162.543,59.452,2.500,-0.0000,EC,1
-159.959,51.651,2.000,-1.0000,ElectrolyteAnion,1
-159.831,55.845,2.000,-1.0000,ElectrolyteAnion,1
-158.485,53.650,0.760,1.0000,LithiumIon,0
-153.565,50.796,2.500,-0.0000,EC,1
-156.039,54.557,2.000,-1.0000,ElectrolyteAnion,1
-157.395,56.997,0.760,1.0000,LithiumIon,0
-157.768,59.670,2.000,-1.0000,ElectrolyteAnion,1
-151.127,60.885,2.500,-0.0000,DMC,1
-172.150,64.219,2.500,-0.0000,DMC,1
-166.769,62.780,2.500,-0.0000,DMC,1
-170.163,69.619,2.500,-0.0000,EC,1
-172.816,73.853,2.500,-0.0000,EC,1
-164.197,71.744,2.500,-0.0000,EC,1
-157.255,64.968,2.500,-0.0000,DMC,1
-152.231,67.557,0.760,1.0000,LithiumIon,0
-159.329,70.603,2.500,-0.0000,EC,1
-154.529,69.205,2.500,-0.0000,EC,1
-199.927,75.849,0.760,1.0000,LithiumIon,0
-200.000,78.684,2.500,-0.0000,EC,1
-190.404,75.909,2.500,-0.0000,DMC,1
-200.000,85.496,2.500,-0.0000,EC,1
-188.504,86.505,2.500,-0.0000,DMC,1
-187.225,79.768,2.500,-0.0000,DMC,1
-180.809,80.391,2.500,-0.0000,DMC,1
-176.260,78.319,2.500,-0.0000,EC,1
-179.259,85.144,2.500,-0.0000,DMC,1
-200.000,88.195,0.760,1.0000,LithiumIon,0
-200.003,91.282,2.500,-0.0000,DMC,1
-196.390,94.737,2.500,-0.0000,DMC,1
-200.002,98.194,2.500,-0.0000,EC,1
-188.613,93.941,0.760,1.0000,LithiumIon,0
-189.501,96.626,2.500,-0.0000,EC,1
-183.306,88.616,2.500,-0.0000,DMC,1
-187.464,91.391,2.500,-0.0000,EC,1
-185.185,95.272,2.000,-1.0000,ElectrolyteAnion,1
-182.097,98.545,2.500,-0.0000,EC,1
-179.903,96.740,0.760,1.0000,LithiumIon,0
-177.833,94.822,2.500,-0.0000,EC,1
-174.536,76.051,0.760,1.0000,LithiumIon,0
-168.483,76.348,2.500,-0.0000,DMC,1
-155.793,77.700,2.500,-0.0000,DMC,1
-159.443,81.487,2.500,-0.0000,DMC,1
-156.396,85.862,2.500,-0.0000,EC,1
-151.647,84.309,2.500,-0.0000,DMC,1
-174.761,90.878,2.500,-0.0000,EC,1
-162.797,97.488,2.500,-0.0000,EC,1
-160.766,89.396,2.500,-0.0000,EC,1
-158.618,87.596,0.760,1.0000,LithiumIon,0
-151.757,90.521,2.500,-0.0000,DMC,1
-160.148,93.850,2.000,-1.0000,ElectrolyteAnion,1
-158.298,95.230,0.760,1.0000,LithiumIon,0
-158.289,97.439,2.000,-1.0000,ElectrolyteAnion,1
-158.213,99.784,0.760,1.0000,LithiumIon,0
-155.537,93.797,2.500,-0.0000,DMC,1
-151.683,96.982,2.500,-0.0000,DMC,1
-144.544,54.447,2.500,-0.0000,DMC,1
-138.105,51.938,2.500,-0.0000,DMC,1
-142.658,59.078,2.500,-0.0000,DMC,1
-137.193,57.128,2.500,-0.0000,DMC,1
-128.923,62.102,2.500,-0.0000,DMC,1
-146.187,62.619,2.500,-0.0000,EC,1
-149.954,65.904,2.500,-0.0000,EC,1
-140.611,63.804,2.500,-0.0000,DMC,1
-146.976,70.919,2.500,-0.0000,DMC,1
-141.441,73.829,2.500,-0.0000,DMC,1
-134.025,64.149,2.500,-0.0000,DMC,1
-131.944,68.696,2.500,-0.0000,DMC,1
-125.926,67.557,2.500,-0.0000,DMC,1
-136.473,74.366,2.500,-0.0000,EC,1
-133.716,74.229,0.760,1.0000,LithiumIon,0
-130.872,74.155,2.500,-0.0000,EC,1
-126.137,72.553,2.500,-0.0000,EC,1
-119.581,55.108,2.500,-0.0000,DMC,1
-117.263,50.545,2.500,-0.0000,DMC,1
-124.312,59.899,2.500,-0.0000,DMC,1
-117.321,62.093,2.500,-0.0000,DMC,1
-111.993,51.318,2.500,-0.0000,DMC,1
-106.459,51.188,2.500,-0.0000,DMC,1
-109.221,52.551,0.760,1.0000,LithiumIon,0
-109.167,55.050,2.000,-1.0000,ElectrolyteAnion,1
-101.593,52.385,2.500,-0.0000,DMC,1
-112.168,58.413,2.500,-0.0000,EC,1
-109.377,58.762,0.760,1.0000,LithiumIon,0
-106.575,58.733,2.500,-0.0000,EC,1
-109.039,61.958,0.760,1.0000,LithiumIon,0
-101.655,57.848,2.500,-0.0000,DMC,1
-112.703,67.636,2.500,-0.0000,EC,1
-111.397,62.847,2.000,-1.0000,ElectrolyteAnion,1
-111.796,65.204,0.760,1.0000,LithiumIon,0
-106.843,63.246,2.000,-1.0000,ElectrolyteAnion,1
-101.823,62.884,2.500,-0.0000,DMC,1
-104.168,67.300,2.500,-0.0000,EC,1
-101.534,68.444,0.760,1.0000,LithiumIon,0
-108.316,70.091,2.500,-0.0000,DMC,1
-112.334,72.117,2.000,-1.0000,ElectrolyteAnion,1
-104.519,73.605,2.500,-0.0000,EC,1
-100.077,74.369,2.000,-1.0000,ElectrolyteAnion,1
-139.242,78.529,2.500,-0.0000,DMC,1
-135.074,85.958,2.500,-0.0000,DMC,1
-147.872,93.673,2.500,-0.0000,DMC,1
-149.390,98.943,0.760,1.0000,LithiumIon,0
-146.400,98.488,2.500,-0.0000,DMC,1
-138.344,96.179,2.500,-0.0000,DMC,1
-135.823,91.861,2.500,-0.0000,DMC,1
-114.943,75.788,2.500,-0.0000,EC,1
-112.069,75.710,0.760,1.0000,LithiumIon,0
-109.250,75.401,2.500,-0.0000,EC,1
-104.150,78.592,2.500,-0.0000,EC,1
-101.361,78.366,0.760,1.0000,LithiumIon,0
-108.346,81.304,2.500,-0.0000,DMC,1
-111.232,85.811,2.500,-0.0000,DMC,1
-104.272,94.147,2.500,-0.0000,DMC,1
-101.853,96.149,0.760,1.0000,LithiumIon,0
-102.476,98.632,2.000,-1.0000,ElectrolyteAnion,1
-99.699,0.723,1.520,-0.0000,LithiumMetal,1
-97.480,2.800,1.520,-0.0000,LithiumMetal,1
-93.886,0.733,1.520,-0.0000,LithiumMetal,1
-94.576,3.700,1.520,-0.0000,LithiumMetal,1
-96.807,5.764,1.520,-0.0000,LithiumMetal,1
-91.668,2.812,1.520,-0.0000,LithiumMetal,1
-88.076,0.756,1.520,-0.0000,LithiumMetal,1
-91.002,5.777,1.520,-0.0000,LithiumMetal,1
-88.766,3.717,1.520,-0.0000,LithiumMetal,1
-99.713,6.657,1.520,-0.0000,LithiumMetal,1
-97.487,8.727,1.520,-0.0000,LithiumMetal,1
-93.907,6.667,1.520,-0.0000,LithiumMetal,1
-98.168,11.689,1.520,-0.0000,LithiumMetal,1
-94.587,9.632,1.520,-0.0000,LithiumMetal,1
-91.682,8.739,1.520,-0.0000,LithiumMetal,1
-88.104,6.690,1.520,-0.0000,LithiumMetal,1
-92.362,11.702,1.520,-0.0000,LithiumMetal,1
-88.785,9.653,1.520,-0.0000,LithiumMetal,1
-85.857,2.834,1.520,-0.0000,LithiumMetal,1
-82.270,0.789,1.520,-0.0000,LithiumMetal,1
-85.198,5.800,1.520,-0.0000,LithiumMetal,1
-82.953,3.750,1.520,-0.0000,LithiumMetal,1
-79.372,1.708,1.520,-0.0000,LithiumMetal,1
-75.406,1.292,1.520,-0.0000,LithiumMetal,1
-80.057,4.669,1.520,-0.0000,LithiumMetal,1
-77.150,3.780,1.520,-0.0000,LithiumMetal,1
-85.879,8.761,1.520,-0.0000,LithiumMetal,1
-82.301,6.719,1.520,-0.0000,LithiumMetal,1
-86.560,11.721,1.520,-0.0000,LithiumMetal,1
-82.982,9.680,1.520,-0.0000,LithiumMetal,1
-79.403,7.638,1.520,-0.0000,LithiumMetal,1
-76.497,6.748,1.520,-0.0000,LithiumMetal,1
-80.085,10.599,1.520,-0.0000,LithiumMetal,1
-77.178,9.710,1.520,-0.0000,LithiumMetal,1
-97.505,14.655,1.520,-0.0000,LithiumMetal,1
-95.266,12.597,1.520,-0.0000,LithiumMetal,1
-94.608,15.570,1.520,-0.0000,LithiumMetal,1
-98.178,17.619,1.520,-0.0000,LithiumMetal,1
-95.279,18.534,1.520,-0.0000,LithiumMetal,1
-91.706,14.669,1.520,-0.0000,LithiumMetal,1
-89.463,12.618,1.520,-0.0000,LithiumMetal,1
-88.812,15.592,1.520,-0.0000,LithiumMetal,1
-92.376,17.634,1.520,-0.0000,LithiumMetal,1
-89.480,18.557,1.520,-0.0000,LithiumMetal,1
-97.521,20.585,1.520,-0.0000,LithiumMetal,1
-94.628,21.514,1.520,-0.0000,LithiumMetal,1
-98.178,23.551,1.520,-0.0000,LithiumMetal,1
-95.286,24.483,1.520,-0.0000,LithiumMetal,1
-91.727,20.604,1.520,-0.0000,LithiumMetal,1
-88.831,21.527,1.520,-0.0000,LithiumMetal,1
-92.389,23.570,1.520,-0.0000,LithiumMetal,1
-89.496,24.496,1.520,-0.0000,LithiumMetal,1
-85.910,14.690,1.520,-0.0000,LithiumMetal,1
-83.664,12.641,1.520,-0.0000,LithiumMetal,1
-83.014,15.609,1.520,-0.0000,LithiumMetal,1
-86.579,17.655,1.520,-0.0000,LithiumMetal,1
-83.683,18.574,1.520,-0.0000,LithiumMetal,1
-80.768,13.562,1.520,-0.0000,LithiumMetal,1
-77.861,12.672,1.520,-0.0000,LithiumMetal,1
-80.120,16.530,1.520,-0.0000,LithiumMetal,1
-77.183,15.761,1.520,-0.0000,LithiumMetal,1
-76.458,18.714,1.520,-0.0000,LithiumMetal,1
-85.928,20.624,1.520,-0.0000,LithiumMetal,1
-83.030,21.543,1.520,-0.0000,LithiumMetal,1
-86.597,23.588,1.520,-0.0000,LithiumMetal,1
-83.701,24.506,1.520,-0.0000,LithiumMetal,1
-80.785,19.494,1.520,-0.0000,LithiumMetal,1
-77.157,21.670,1.520,-0.0000,LithiumMetal,1
-80.094,22.453,1.520,-0.0000,LithiumMetal,1
-77.862,24.627,1.520,-0.0000,LithiumMetal,1
-72.448,1.993,1.520,-0.0000,LithiumMetal,1
-69.445,0.918,1.520,-0.0000,LithiumMetal,1
-74.252,4.699,1.520,-0.0000,LithiumMetal,1
-70.075,3.890,1.520,-0.0000,LithiumMetal,1
-66.541,0.021,1.520,-0.0000,LithiumMetal,1
-67.175,2.991,1.520,-0.0000,LithiumMetal,1
-64.284,2.058,1.520,-0.0000,LithiumMetal,1
-67.813,5.962,1.520,-0.0000,LithiumMetal,1
-64.920,5.031,1.520,-0.0000,LithiumMetal,1
-73.624,7.738,1.520,-0.0000,LithiumMetal,1
-70.717,6.856,1.520,-0.0000,LithiumMetal,1
-74.305,10.699,1.520,-0.0000,LithiumMetal,1
-71.397,9.815,1.520,-0.0000,LithiumMetal,1
-69.174,11.887,1.520,-0.0000,LithiumMetal,1
-68.491,8.925,1.520,-0.0000,LithiumMetal,1
-65.585,8.030,1.520,-0.0000,LithiumMetal,1
-66.267,10.998,1.520,-0.0000,LithiumMetal,1
-63.350,11.852,1.520,-0.0000,LithiumMetal,1
-61.392,1.122,1.520,-0.0000,LithiumMetal,1
-58.501,0.182,1.520,-0.0000,LithiumMetal,1
-56.711,2.639,1.520,-0.0000,LithiumMetal,1
-62.027,4.095,1.520,-0.0000,LithiumMetal,1
-56.293,5.650,1.520,-0.0000,LithiumMetal,1
-53.895,3.781,1.520,-0.0000,LithiumMetal,1
-59.931,8.132,2.500,-0.0000,DMC,1
-54.665,8.217,1.520,-0.0000,LithiumMetal,1
-52.267,6.349,1.520,-0.0000,LithiumMetal,1
-50.549,8.857,1.520,-0.0000,LithiumMetal,1
-74.987,13.659,1.520,-0.0000,LithiumMetal,1
-72.081,12.774,1.520,-0.0000,LithiumMetal,1
-74.266,16.611,1.520,-0.0000,LithiumMetal,1
-72.049,18.688,1.520,-0.0000,LithiumMetal,1
-71.361,15.727,1.520,-0.0000,LithiumMetal,1
-69.141,17.800,1.520,-0.0000,LithiumMetal,1
-68.456,14.839,1.520,-0.0000,LithiumMetal,1
-65.549,13.951,1.520,-0.0000,LithiumMetal,1
-62.632,14.806,1.520,-0.0000,LithiumMetal,1
-66.234,16.913,1.520,-0.0000,LithiumMetal,1
-63.318,17.768,1.520,-0.0000,LithiumMetal,1
-74.244,20.801,1.520,-0.0000,LithiumMetal,1
-69.828,20.762,1.520,-0.0000,LithiumMetal,1
-72.036,22.890,1.520,-0.0000,LithiumMetal,1
-74.949,23.759,1.520,-0.0000,LithiumMetal,1
-69.111,23.715,1.520,-0.0000,LithiumMetal,1
-66.921,19.873,1.520,-0.0000,LithiumMetal,1
-64.004,20.729,1.520,-0.0000,LithiumMetal,1
-66.205,22.825,1.520,-0.0000,LithiumMetal,1
-60.411,16.882,1.520,-0.0000,LithiumMetal,1
-57.486,16.056,1.520,-0.0000,LithiumMetal,1
-54.599,15.104,1.520,-0.0000,LithiumMetal,1
-50.356,13.662,2.750,0.0000,SEI,0
-55.218,18.080,1.520,-0.0000,LithiumMetal,1
-58.565,20.476,2.500,-0.0000,DMC,1
-61.675,24.705,2.750,0.0000,SEI,0
-54.582,21.053,1.520,-0.0000,LithiumMetal,1
-50.675,19.330,2.750,0.0000,SEI,0
-52.664,24.587,2.500,-0.0000,DMC,1
-97.539,26.523,1.520,-0.0000,LithiumMetal,1
-94.645,27.454,1.520,-0.0000,LithiumMetal,1
-98.196,29.491,1.520,-0.0000,LithiumMetal,1
-95.304,30.422,1.520,-0.0000,LithiumMetal,1
-91.746,26.541,1.520,-0.0000,LithiumMetal,1
-88.850,27.466,1.520,-0.0000,LithiumMetal,1
-92.405,29.509,1.520,-0.0000,LithiumMetal,1
-89.509,30.434,1.520,-0.0000,LithiumMetal,1
-98.578,32.503,1.520,-0.0000,LithiumMetal,1
-95.939,34.012,1.520,-0.0000,LithiumMetal,1
-98.565,35.543,1.520,-0.0000,LithiumMetal,1
-95.927,37.052,1.520,-0.0000,LithiumMetal,1
-93.078,32.490,1.520,-0.0000,LithiumMetal,1
-90.565,34.200,1.520,-0.0000,LithiumMetal,1
-87.729,33.112,1.520,-0.0000,LithiumMetal,1
-93.301,35.522,1.520,-0.0000,LithiumMetal,1
-88.204,36.115,1.520,-0.0000,LithiumMetal,1
-85.945,26.557,1.520,-0.0000,LithiumMetal,1
-83.033,27.470,1.520,-0.0000,LithiumMetal,1
-86.610,29.521,1.520,-0.0000,LithiumMetal,1
-82.316,30.422,1.520,-0.0000,LithiumMetal,1
-80.799,25.409,1.520,-0.0000,LithiumMetal,1
-75.653,26.716,1.520,-0.0000,LithiumMetal,1
-80.084,28.361,1.520,-0.0000,LithiumMetal,1
-77.204,29.331,1.520,-0.0000,LithiumMetal,1
-84.893,32.026,1.520,-0.0000,LithiumMetal,1
-82.529,33.937,1.520,-0.0000,LithiumMetal,1
-85.367,35.027,1.520,-0.0000,LithiumMetal,1
-83.004,36.939,1.520,-0.0000,LithiumMetal,1
-79.951,32.326,1.520,-0.0000,LithiumMetal,1
-76.913,32.357,1.520,-0.0000,LithiumMetal,1
-78.462,34.973,1.520,-0.0000,LithiumMetal,1
-75.423,35.007,1.520,-0.0000,LithiumMetal,1
-98.554,38.583,1.520,-0.0000,LithiumMetal,1
-95.915,40.092,1.520,-0.0000,LithiumMetal,1
-98.623,43.213,2.500,-0.0000,DMC,1
-93.289,38.561,1.520,-0.0000,LithiumMetal,1
-90.256,38.357,1.520,-0.0000,LithiumMetal,1
-87.895,40.271,1.520,-0.0000,LithiumMetal,1
-91.946,42.615,2.750,0.0000,SEI,0
-87.732,43.307,1.520,-1.0000,LithiumMetal,2
-98.844,48.209,2.500,-0.0000,DMC,1
-93.594,47.862,2.750,0.0000,SEI,0
-90.180,48.654,0.760,1.0000,LithiumIon,0
-85.842,38.029,1.520,-0.0000,LithiumMetal,1
-80.032,37.576,1.520,-0.0000,LithiumMetal,1
-76.974,37.623,1.520,-1.0000,LithiumMetal,2
-78.564,41.586,2.750,0.0000,SEI,0
-75.349,42.930,0.760,1.0000,LithiumIon,0
-82.022,45.535,2.500,-0.0000,DMC,1
-86.892,47.495,2.750,0.0000,SEI,0
-75.690,45.983,2.500,-0.0000,EC,1
-79.208,49.668,2.500,-0.0000,DMC,1
-72.740,25.847,1.520,-0.0000,LithiumMetal,1
-68.776,26.734,1.520,-0.0000,LithiumMetal,1
-74.164,29.366,1.520,-0.0000,LithiumMetal,1
-71.252,28.497,1.520,-0.0000,LithiumMetal,1
-65.870,25.846,1.520,-0.0000,LithiumMetal,1
-68.486,29.759,1.520,-0.0000,LithiumMetal,1
-64.257,28.422,1.520,-0.0000,LithiumMetal,1
-73.874,32.392,1.520,-0.0000,LithiumMetal,1
-70.962,31.523,1.520,-0.0000,LithiumMetal,1
-72.384,35.042,1.520,-0.0000,LithiumMetal,1
-69.392,35.576,1.520,-0.0000,LithiumMetal,1
-68.195,32.783,1.520,-0.0000,LithiumMetal,1
-66.373,35.216,1.520,-0.0000,LithiumMetal,1
-62.472,32.301,2.750,0.0000,SEI,0
-57.310,33.258,2.500,-0.0000,DMC,1
-73.934,37.657,1.520,-0.0000,LithiumMetal,1
-70.941,38.191,1.520,-0.0000,LithiumMetal,1
-71.893,42.353,2.750,0.0000,SEI,0
-66.480,41.373,2.750,0.0000,SEI,0
-69.812,47.173,2.500,-0.0000,DMC,1
-64.869,46.423,2.500,-0.0000,DMC,1
-62.301,37.798,2.750,0.0000,SEI,0
-56.642,38.213,2.500,-0.0000,EC,1
-52.103,40.307,2.500,-0.0000,EC,1
-55.278,44.171,2.500,-0.0000,DMC,1
-49.236,6.115,1.520,-0.0000,LithiumMetal,1
-46.265,5.471,1.520,-0.0000,LithiumMetal,1
-33.376,9.747,2.500,-0.0000,DMC,1
-28.739,11.617,2.500,-0.0000,EC,1
-43.286,17.725,2.500,-0.0000,EC,1
-39.375,23.591,2.500,-0.0000,DMC,1
-25.407,15.343,2.500,-0.0000,EC,1
-21.096,0.556,0.760,1.0000,LithiumIon,0
-18.643,1.887,2.500,-0.0000,EC,1
-24.145,17.881,0.760,1.0000,LithiumIon,0
-22.958,20.441,2.500,-0.0000,EC,1
-17.970,20.777,2.500,-0.0000,DMC,1
-49.680,41.745,0.760,1.0000,LithiumIon,0
-47.326,43.215,2.500,-0.0000,EC,1
-42.439,42.163,2.500,-0.0000,EC,1
-44.781,47.517,2.500,-0.0000,EC,1
-36.054,38.341,2.500,-0.0000,DMC,1
-36.972,44.961,2.500,-0.0000,DMC,1
-21.536,25.235,2.500,-0.0000,EC,1
-19.399,29.754,2.500,-0.0000,DMC,1
-0.782,32.681,2.500,-0.0000,DMC,1
-16.453,48.162,2.500,-0.0000,EC,1
-12.003,48.849,2.000,-1.0000,ElectrolyteAnion,1
-7.542,48.283,2.500,-0.0000,EC,1
-2.356,46.126,2.500,-0.0000,EC,1
-4.958,47.227,0.760,1.0000,LithiumIon,0
-96.141,52.453,2.500,-0.0000,DMC,1
-90.021,51.714,2.500,-0.0000,EC,1
-96.680,60.388,2.500,-0.0000,DMC,1
-93.317,56.579,2.500,-0.0000,DMC,1
-88.281,56.399,2.500,-0.0000,EC,1
-87.602,61.411,2.500,-0.0000,DMC,1
-77.108,53.096,1.520,-0.0000,LithiumMetal,1
-78.250,56.950,2.500,-0.0000,DMC,1
-75.244,61.881,0.760,1.0000,LithiumIon,0
-92.256,63.254,2.500,-0.0000,DMC,1
-88.955,67.053,2.500,-0.0000,DMC,1
-99.172,69.961,2.500,-0.0000,EC,1
-94.182,70.271,2.500,-0.0000,DMC,1
-83.051,66.781,2.500,-0.0000,DMC,1
-76.278,64.526,2.500,-0.0000,EC,1
-85.808,70.967,2.500,-0.0000,DMC,1
-78.484,69.013,2.500,-0.0000,EC,1
-71.719,50.712,1.520,-0.0000,LithiumMetal,1
-74.305,54.273,1.520,-0.0000,LithiumMetal,1
-64.494,51.414,2.500,-0.0000,EC,1
-73.910,59.435,2.500,-0.0000,EC,1
-64.292,56.409,2.500,-0.0000,EC,1
-65.569,58.984,0.760,1.0000,LithiumIon,0
-66.458,61.647,2.500,-0.0000,EC,1
-56.792,50.385,2.500,-0.0000,DMC,1
-59.691,54.459,2.500,-0.0000,DMC,1
-53.569,54.617,2.500,-0.0000,EC,1
-56.971,58.042,2.000,-1.0000,ElectrolyteAnion,1
-60.799,60.407,2.500,-0.0000,EC,1
-54.535,57.188,0.760,1.0000,LithiumIon,0
-52.839,59.164,2.000,-1.0000,ElectrolyteAnion,1
-55.329,59.987,0.760,1.0000,LithiumIon,0
-70.828,62.716,2.000,-1.0000,ElectrolyteAnion,1
-62.897,64.390,2.000,-1.0000,ElectrolyteAnion,1
-60.291,63.587,0.760,1.0000,LithiumIon,0
-56.264,62.510,2.500,-0.0000,EC,1
-59.022,66.678,2.500,-0.0000,EC,1
-51.343,63.406,2.500,-0.0000,EC,1
-54.510,66.654,2.000,-1.0000,ElectrolyteAnion,1
-51.951,66.044,0.760,1.0000,LithiumIon,0
-57.950,73.914,0.760,1.0000,LithiumIon,0
-50.520,68.760,2.500,-0.0000,DMC,1
-55.736,72.199,2.500,-0.0000,EC,1
-51.856,74.477,2.000,-1.0000,ElectrolyteAnion,1
-95.231,75.165,2.500,-0.0000,DMC,1
-98.609,78.849,2.500,-0.0000,EC,1
-87.888,76.708,2.500,-0.0000,EC,1
-94.638,81.966,2.500,-0.0000,DMC,1
-88.074,87.363,2.500,-0.0000,EC,1
-84.749,80.599,2.500,-0.0000,EC,1
-76.797,85.992,2.500,-0.0000,EC,1
-97.445,93.298,0.760,1.0000,LithiumIon,0
-89.249,92.222,2.500,-0.0000,EC,1
-99.760,94.653,2.000,-1.0000,ElectrolyteAnion,1
-95.318,95.509,2.500,-0.0000,EC,1
-98.097,99.664,2.500,-0.0000,EC,1
-89.561,95.129,0.760,1.0000,LithiumIon,0
-89.995,97.930,2.500,-0.0000,EC,1
-76.318,93.723,2.500,-0.0000,DMC,1
-63.594,79.349,2.500,-0.0000,EC,1
-73.947,86.342,0.760,1.0000,LithiumIon,0
-71.124,86.656,2.500,-0.0000,EC,1
-60.282,75.603,2.500,-0.0000,EC,1
-57.968,83.587,2.500,-0.0000,DMC,1
-50.604,84.119,2.000,-1.0000,ElectrolyteAnion,1
-53.194,84.428,0.760,1.0000,LithiumIon,0
-68.982,99.487,2.500,-0.0000,DMC,1
-60.339,98.883,2.500,-0.0000,DMC,1
-47.976,58.944,2.500,-0.0000,EC,1
-45.371,60.003,0.760,1.0000,LithiumIon,0
-42.813,61.343,2.500,-0.0000,EC,1
-46.843,63.373,2.000,-1.0000,ElectrolyteAnion,1
-47.160,72.461,2.500,-0.0000,EC,1
-42.480,70.708,2.500,-0.0000,DMC,1
-25.105,63.528,2.500,-0.0000,DMC,1
-15.135,50.610,0.760,1.0000,LithiumIon,0
-13.604,53.074,2.500,-0.0000,EC,1
-13.076,58.057,2.500,-0.0000,DMC,1
-9.937,62.170,2.500,-0.0000,DMC,1
-8.543,66.971,2.500,-0.0000,EC,1
-6.658,69.063,0.760,1.0000,LithiumIon,0
-4.787,71.171,2.500,-0.0000,EC,1
-0.515,72.570,2.000,-1.0000,ElectrolyteAnion,1
-47.861,75.208,0.760,1.0000,LithiumIon,0
-48.834,77.826,2.500,-0.0000,EC,1
-45.612,84.821,2.500,-0.0000,DMC,1
-40.589,84.183,2.500,-0.0000,DMC,1
-25.889,80.179,2.500,-0.0000,DMC,1
-33.417,82.272,2.500,-0.0000,DMC,1
-36.346,86.828,2.500,-0.0000,EC,1
-31.351,86.827,2.500,-0.0000,EC,1
-28.616,85.983,0.760,1.0000,LithiumIon,0
-25.865,85.179,2.500,-0.0000,EC,1
-49.900,96.582,2.500,-0.0000,EC,1
-44.905,96.725,2.500,-0.0000,EC,1
-42.257,95.670,0.760,1.0000,LithiumIon,0
-39.728,94.399,2.500,-0.0000,EC,1
-35.487,91.753,2.500,-0.0000,EC,1
-29.842,92.872,2.500,-0.0000,DMC,1
-35.549,97.143,2.500,-0.0000,EC,1
-16.063,76.455,2.500,-0.0000,DMC,1
-21.115,83.630,2.500,-0.0000,EC,1
-15.220,81.869,2.500,-0.0000,DMC,1
-11.077,78.048,2.500,-0.0000,DMC,1
-2.742,77.694,0.760,1.0000,LithiumIon,0
-5.476,78.482,2.500,-0.0000,EC,1
-9.582,82.910,2.500,-0.0000,DMC,1
-5.096,83.282,2.000,-1.0000,ElectrolyteAnion,1
-0.794,81.974,2.500,-0.0000,EC,1
-23.838,89.753,2.500,-0.0000,DMC,1
-17.194,92.264,2.500,-0.0000,DMC,1
-22.377,94.753,2.500,-0.0000,DMC,1
-22.203,99.750,2.500,-0.0000,DMC,1
-14.616,98.697,2.500,-0.0000,DMC,1
-10.423,87.910,2.500,-0.0000,DMC,1
-7.560,92.869,2.500,-0.0000,DMC,1
-3.991,87.641,2.500,-0.0000,EC,1
-1.328,88.597,0.760,1.0000,LithiumIon,0
-12.459,93.871,2.500,-0.0000,DMC,1
-9.038,98.272,2.500,-0.0000,DMC,1
-4.344,99.992,2.500,-0.0000,EC,1
-199.888,101.011,0.760,1.0000,LithiumIon,0
-200.001,103.837,2.500,-0.0000,EC,1
-191.905,104.602,2.500,-0.0000,EC,1
-199.664,108.825,2.500,-0.0000,DMC,1
-192.755,107.304,0.760,1.0000,LithiumIon,0
-187.695,109.355,2.500,-0.0000,DMC,1
-193.641,109.997,2.500,-0.0000,EC,1
-179.796,106.470,2.500,-0.0000,DMC,1
-176.391,112.280,2.500,-0.0000,DMC,1
-200.000,114.399,2.500,-0.0000,EC,1
-194.814,114.854,2.500,-0.0000,DMC,1
-199.995,117.202,0.760,1.0000,LithiumIon,0
-189.574,113.989,2.500,-0.0000,DMC,1
-200.000,120.009,2.500,-0.0000,EC,1
-194.191,120.000,2.500,-0.0000,EC,1
-191.368,119.902,0.760,1.0000,LithiumIon,0
-188.566,120.004,2.500,-0.0000,EC,1
-181.610,112.825,2.500,-0.0000,DMC,1
-185.163,116.343,2.500,-0.0000,DMC,1
-181.761,120.003,2.500,-0.0000,EC,1
-178.941,119.905,0.760,1.0000,LithiumIon,0
-176.142,120.003,2.500,-0.0000,EC,1
-169.928,106.050,2.500,-0.0000,DMC,1
-162.525,100.487,0.760,1.0000,LithiumIon,0
-174.886,107.412,2.500,-0.0000,DMC,1
-171.274,110.863,2.500,-0.0000,EC,1
-160.016,101.253,2.000,-1.0000,ElectrolyteAnion,1
-155.357,101.188,2.500,-0.0000,DMC,1
-150.173,101.906,2.500,-0.0000,DMC,1
-153.932,109.727,2.500,-0.0000,DMC,1
-169.822,113.204,0.760,1.0000,LithiumIon,0
-173.097,116.041,2.500,-0.0000,DMC,1
-167.879,115.180,2.500,-0.0000,EC,1
-162.921,114.544,2.500,-0.0000,EC,1
-169.192,120.004,2.500,-0.0000,DMC,1
-163.415,119.525,2.500,-0.0000,EC,1
-160.628,119.537,0.760,1.0000,LithiumIon,0
-157.796,120.001,2.500,-0.0000,EC,1
-151.382,120.000,2.500,-0.0000,EC,1
-149.245,111.517,2.500,-0.0000,DMC,1
-141.589,108.058,2.500,-0.0000,DMC,1
-137.314,101.072,2.500,-0.0000,DMC,1
-132.400,102.099,2.500,-0.0000,DMC,1
-137.004,106.063,2.500,-0.0000,DMC,1
-133.966,104.933,0.760,1.0000,LithiumIon,0
-132.148,107.302,2.500,-0.0000,EC,1
-127.177,106.767,2.500,-0.0000,DMC,1
-130.088,111.858,2.500,-0.0000,DMC,1
-125.117,111.322,2.500,-0.0000,DMC,1
-148.551,119.957,0.760,1.0000,LithiumIon,0
-145.716,120.000,2.500,-0.0000,EC,1
-140.717,119.946,2.500,-0.0000,DMC,1
-134.682,120.000,2.500,-0.0000,EC,1
-131.832,119.951,0.760,1.0000,LithiumIon,0
-128.975,120.000,2.500,-0.0000,EC,1
-120.254,112.483,2.500,-0.0000,EC,1
-118.337,107.862,2.500,-0.0000,DMC,1
-115.840,111.605,2.000,-1.0000,ElectrolyteAnion,1
-104.504,102.648,2.500,-0.0000,EC,1
-102.452,104.766,0.760,1.0000,LithiumIon,0
-111.634,110.007,2.500,-0.0000,EC,1
-100.760,106.934,2.500,-0.0000,EC,1
-120.123,115.331,0.760,1.0000,LithiumIon,0
-119.912,118.176,2.500,-0.0000,EC,1
-116.488,113.793,0.760,1.0000,LithiumIon,0
-115.894,116.047,2.000,-1.0000,ElectrolyteAnion,1
-113.780,120.014,2.500,-0.0000,EC,1
-111.371,112.781,0.760,1.0000,LithiumIon,0
-111.350,115.640,2.500,-0.0000,EC,1
-110.932,120.007,0.760,1.0000,LithiumIon,0
-108.101,119.931,2.500,-0.0000,EC,1
-102.336,118.756,2.500,-0.0000,DMC,1
-99.266,102.407,0.760,1.0000,LithiumIon,0
-94.911,102.811,0.760,1.0000,LithiumIon,0
-97.195,104.079,2.000,-1.0000,ElectrolyteAnion,1
-93.678,100.515,2.000,-1.0000,ElectrolyteAnion,1
-92.547,104.888,2.500,-0.0000,DMC,1
-95.195,109.192,2.500,-0.0000,DMC,1
-99.831,111.847,2.500,-0.0000,DMC,1
-86.986,101.922,2.500,-0.0000,DMC,1
-84.891,105.531,0.760,1.0000,LithiumIon,0
-82.402,103.930,2.500,-0.0000,EC,1
-87.409,106.400,2.000,-1.0000,ElectrolyteAnion,1
-86.370,108.506,0.760,1.0000,LithiumIon,0
-83.694,108.243,2.000,-1.0000,ElectrolyteAnion,1
-87.195,111.100,2.500,-0.0000,EC,1
-81.747,112.297,2.500,-0.0000,EC,1
-76.082,109.610,2.500,-0.0000,DMC,1
-92.807,113.646,2.500,-0.0000,DMC,1
-97.496,120.001,2.500,-0.0000,EC,1
-94.669,119.908,0.760,1.0000,LithiumIon,0
-91.826,120.000,2.500,-0.0000,EC,1
-85.590,115.304,2.000,-1.0000,ElectrolyteAnion,1
-83.057,114.974,0.760,1.0000,LithiumIon,0
-75.842,115.091,2.500,-0.0000,DMC,1
-83.041,119.011,2.500,-0.0000,DMC,1
-80.342,120.068,0.760,1.0000,LithiumIon,0
-77.782,119.993,2.500,-0.0000,EC,1
-73.367,103.021,2.500,-0.0000,DMC,1
-59.771,103.848,2.500,-0.0000,EC,1
-57.226,105.043,0.760,1.0000,LithiumIon,0
-50.675,103.522,2.500,-0.0000,DMC,1
-54.763,106.398,2.500,-0.0000,EC,1
-51.525,110.208,2.500,-0.0000,EC,1
-70.793,115.080,2.500,-0.0000,DMC,1
-64.499,115.294,2.500,-0.0000,EC,1
-66.286,117.509,0.760,1.0000,LithiumIon,0
-72.785,120.000,2.500,-0.0000,DMC,1
-67.793,120.005,2.500,-0.0000,EC,1
-62.802,120.003,2.500,-0.0000,EC,1
-60.319,113.639,2.000,-1.0000,ElectrolyteAnion,1
-57.868,117.412,2.500,-0.0000,EC,1
-55.949,112.566,2.500,-0.0000,EC,1
-51.702,115.204,2.500,-0.0000,EC,1
-50.375,117.851,0.760,1.0000,LithiumIon,0
-60.261,118.827,0.760,1.0000,LithiumIon,0
-53.591,120.001,2.500,-0.0000,DMC,1
-44.107,105.624,2.500,-0.0000,DMC,1
-33.703,105.867,2.500,-0.0000,DMC,1
-29.407,102.246,2.500,-0.0000,DMC,1
-25.691,107.765,2.500,-0.0000,DMC,1
-46.600,115.420,2.500,-0.0000,EC,1
-43.818,114.763,0.760,1.0000,LithiumIon,0
-41.122,114.058,2.500,-0.0000,EC,1
-48.579,120.012,2.500,-0.0000,EC,1
-43.584,119.635,2.500,-0.0000,DMC,1
-38.370,120.001,2.500,-0.0000,DMC,1
-34.956,116.348,2.500,-0.0000,EC,1
-32.729,118.168,0.760,1.0000,LithiumIon,0
-30.563,119.980,2.500,-0.0000,EC,1
-15.949,106.111,2.500,-0.0000,DMC,1
-20.677,107.867,2.500,-0.0000,DMC,1
-11.088,104.721,2.500,-0.0000,DMC,1
-4.256,102.811,0.760,1.0000,LithiumIon,0
-4.044,105.645,2.500,-0.0000,EC,1
-7.461,109.798,2.500,-0.0000,EC,1
-2.494,110.399,2.500,-0.0000,EC,1
-22.734,114.664,2.500,-0.0000,EC,1
-17.376,113.614,2.500,-0.0000,DMC,1
-22.664,119.969,2.500,-0.0000,DMC,1
-17.670,119.854,2.500,-0.0000,EC,1
-14.859,119.823,0.760,1.0000,LithiumIon,0
-12.018,113.242,2.500,-0.0000,DMC,1
-5.962,114.567,2.500,-0.0000,EC,1
-4.911,117.437,0.760,1.0000,LithiumIon,0
-12.010,120.001,2.500,-0.0000,EC,1
-3.684,120.008,2.500,-0.0000,EC,1
22.623,2.127,2.500,-0.0000,DMC,1
1.792,19.831,2.500,-0.0000,DMC,1
6.316,21.959,2.500,-0.0000,DMC,1
10.648,24.454,2.500,-0.0000,EC,1
13.469,24.832,0.760,1.0000,LithiumIon,0
34.237,6.184,0.760,1.0000,LithiumIon,0
37.278,5.619,2.500,-0.0000,DMC,1
26.603,7.137,2.500,-0.0000,DMC,1
31.577,6.680,2.500,-0.0000,EC,1
47.596,12.212,2.500,-0.0000,DMC,1
43.715,24.969,2.500,-0.0000,EC,1
1.576,28.272,2.500,-0.0000,DMC,1
6.454,27.176,2.500,-0.0000,DMC,1
16.421,25.247,2.500,-0.0000,EC,1
21.365,25.989,2.500,-0.0000,EC,1
2.203,44.077,2.500,-0.0000,EC,1
14.336,48.229,2.500,-0.0000,DMC,1
26.095,27.609,2.500,-0.0000,EC,1
33.986,36.480,2.500,-0.0000,DMC,1
40.190,28.511,2.500,-0.0000,EC,1
38.889,31.232,0.760,1.0000,LithiumIon,0
40.849,33.018,2.000,-1.0000,ElectrolyteAnion,1
43.011,36.964,2.500,-0.0000,EC,1
37.173,47.393,2.500,-0.0000,DMC,1
40.473,38.277,0.760,1.0000,LithiumIon,0
37.940,39.540,2.500,-0.0000,EC,1
44.918,44.272,2.500,-0.0000,DMC,1
55.670,6.112,1.520,-0.0000,LithiumMetal,1
58.070,2.891,1.520,-0.0000,LithiumMetal,1
60.803,1.147,1.520,-0.0000,LithiumMetal,1
60.790,4.213,1.520,-0.0000,LithiumMetal,1
54.833,10.965,1.520,-0.0000,LithiumMetal,1
59.321,6.872,1.520,-0.0000,LithiumMetal,1
57.008,8.841,1.520,-0.0000,LithiumMetal,1
57.977,11.722,1.520,-0.0000,LithiumMetal,1
60.638,10.251,1.520,-0.0000,LithiumMetal,1
63.423,2.700,1.520,-0.0000,LithiumMetal,1
66.075,1.225,1.520,-0.0000,LithiumMetal,1
68.681,2.792,1.520,-0.0000,LithiumMetal,1
63.388,5.753,1.520,-0.0000,LithiumMetal,1
66.030,4.265,1.520,-0.0000,LithiumMetal,1
68.632,5.832,1.520,-0.0000,LithiumMetal,1
71.336,1.320,1.520,-0.0000,LithiumMetal,1
73.943,2.886,1.520,-0.0000,LithiumMetal,1
71.285,4.360,1.520,-0.0000,LithiumMetal,1
73.890,5.927,1.520,-0.0000,LithiumMetal,1
63.302,8.787,1.520,-0.0000,LithiumMetal,1
65.978,7.320,1.520,-0.0000,LithiumMetal,1
68.580,8.880,1.520,-0.0000,LithiumMetal,1
63.244,11.823,1.520,-0.0000,LithiumMetal,1
65.906,10.354,1.520,-0.0000,LithiumMetal,1
68.510,11.919,1.520,-0.0000,LithiumMetal,1
71.233,7.399,1.520,-0.0000,LithiumMetal,1
73.837,8.967,1.520,-0.0000,LithiumMetal,1
71.182,10.445,1.520,-0.0000,LithiumMetal,1
73.784,12.014,1.520,-0.0000,LithiumMetal,1
55.201,16.116,1.520,-0.0000,LithiumMetal,1
57.922,14.761,1.520,-0.0000,LithiumMetal,1
60.582,13.290,1.520,-0.0000,LithiumMetal,1
57.866,17.801,1.520,-0.0000,LithiumMetal,1
60.526,16.329,1.520,-0.0000,LithiumMetal,1
60.470,19.369,1.520,-0.0000,LithiumMetal,1
63.187,14.860,1.520,-0.0000,LithiumMetal,1
65.846,13.392,1.520,-0.0000,LithiumMetal,1
68.452,14.957,1.520,-0.0000,LithiumMetal,1
63.131,17.899,1.520,-0.0000,LithiumMetal,1
65.792,16.428,1.520,-0.0000,LithiumMetal,1
68.396,17.994,1.520,-0.0000,LithiumMetal,1
71.115,13.483,1.520,-0.0000,LithiumMetal,1
73.717,15.052,1.520,-0.0000,LithiumMetal,1
71.055,16.521,1.520,-0.0000,LithiumMetal,1
73.658,18.091,1.520,-0.0000,LithiumMetal,1
63.076,20.939,1.520,-0.0000,LithiumMetal,1
65.736,19.466,1.520,-0.0000,LithiumMetal,1
68.341,21.032,1.520,-0.0000,LithiumMetal,1
63.023,23.981,1.520,-0.0000,LithiumMetal,1
65.681,22.505,1.520,-0.0000,LithiumMetal,1
68.288,24.070,1.520,-0.0000,LithiumMetal,1
71.000,19.560,1.520,-0.0000,LithiumMetal,1
74.403,21.196,1.520,-0.0000,LithiumMetal,1
70.946,22.596,1.520,-0.0000,LithiumMetal,1
73.572,24.127,1.520,-0.0000,LithiumMetal,1
76.598,1.414,1.520,-0.0000,LithiumMetal,1
76.549,4.453,1.520,-0.0000,LithiumMetal,1
80.469,5.137,1.520,-0.0000,LithiumMetal,1
84.289,1.459,1.520,-0.0000,LithiumMetal,1
81.331,2.160,1.520,-0.0000,LithiumMetal,1
87.249,0.766,1.520,-0.0000,LithiumMetal,1
83.412,4.376,1.520,-0.0000,LithiumMetal,1
86.368,3.675,1.520,-0.0000,LithiumMetal,1
78.288,7.255,1.520,-0.0000,LithiumMetal,1
81.213,8.085,1.520,-0.0000,LithiumMetal,1
76.722,9.920,1.520,-0.0000,LithiumMetal,1
80.379,11.009,1.520,-0.0000,LithiumMetal,1
84.161,7.345,1.520,-0.0000,LithiumMetal,1
87.137,6.615,1.520,-0.0000,LithiumMetal,1
83.328,10.269,1.520,-0.0000,LithiumMetal,1
86.276,9.530,1.520,-0.0000,LithiumMetal,1
85.444,12.452,1.520,-0.0000,LithiumMetal,1
90.209,0.075,1.520,-0.0000,LithiumMetal,1
89.327,2.984,1.520,-0.0000,LithiumMetal,1
93.208,0.858,1.520,-0.0000,LithiumMetal,1
90.130,5.916,1.520,-0.0000,LithiumMetal,1
92.266,3.748,1.520,-0.0000,LithiumMetal,1
96.214,0.243,1.520,-0.0000,LithiumMetal,1
95.239,3.120,1.520,-0.0000,LithiumMetal,1
99.169,0.948,1.520,-0.0000,LithiumMetal,1
96.102,6.032,1.520,-0.0000,LithiumMetal,1
98.197,3.828,1.520,-0.0000,LithiumMetal,1
89.231,8.820,1.520,-0.0000,LithiumMetal,1
93.073,6.679,1.520,-0.0000,LithiumMetal,1
90.041,11.749,1.520,-0.0000,LithiumMetal,1
92.172,9.582,1.520,1.0000,LithiumMetal,0
95.136,8.910,1.520,-0.0000,LithiumMetal,1
99.056,6.744,1.520,-0.0000,LithiumMetal,1
95.994,11.826,1.520,-0.0000,LithiumMetal,1
98.090,9.626,1.520,-0.0000,LithiumMetal,1
76.671,12.960,1.520,-0.0000,LithiumMetal,1
79.549,13.937,1.520,-0.0000,LithiumMetal,1
76.606,15.998,1.520,-0.0000,LithiumMetal,1
80.309,16.880,1.520,-0.0000,LithiumMetal,1
82.496,13.192,1.520,-0.0000,LithiumMetal,1
86.204,15.394,1.520,-0.0000,LithiumMetal,1
83.256,16.135,1.520,-0.0000,LithiumMetal,1
85.372,18.318,1.520,-0.0000,LithiumMetal,1
76.543,19.037,1.520,-0.0000,LithiumMetal,1
79.481,19.804,1.520,-0.0000,LithiumMetal,1
77.344,21.968,1.520,-0.0000,LithiumMetal,1
76.513,24.892,1.520,-0.0000,LithiumMetal,1
80.284,22.734,1.520,-0.0000,LithiumMetal,1
82.427,19.060,1.520,-0.0000,LithiumMetal,1
86.179,21.249,1.520,-0.0000,LithiumMetal,1
83.232,21.991,1.520,-0.0000,LithiumMetal,1
82.401,24.915,1.520,-0.0000,LithiumMetal,1
85.348,24.173,1.520,-0.0000,LithiumMetal,1
89.170,14.662,1.520,-0.0000,LithiumMetal,1
92.984,12.510,1.520,-0.0000,LithiumMetal,1
92.113,15.423,1.520,-0.0000,LithiumMetal,1
88.317,17.579,1.520,-0.0000,LithiumMetal,1
91.256,18.340,1.520,-0.0000,LithiumMetal,1
95.070,14.719,1.520,-0.0000,LithiumMetal,1
98.948,12.542,1.520,-0.0000,LithiumMetal,1
98.023,15.437,1.520,-0.0000,LithiumMetal,1
94.206,17.628,1.520,-0.0000,LithiumMetal,1
97.156,18.349,1.520,-0.0000,LithiumMetal,1
89.127,20.508,1.520,-0.0000,LithiumMetal,1
92.101,21.260,1.520,-0.0000,LithiumMetal,1
88.296,23.432,1.520,-0.0000,LithiumMetal,1
91.243,24.176,1.520,-0.0000,LithiumMetal,1
95.056,20.546,1.520,-0.0000,LithiumMetal,1
98.494,21.072,1.520,-0.0000,LithiumMetal,1
94.198,23.461,1.520,-0.0000,LithiumMetal,1
60.288,25.612,1.520,-0.0000,LithiumMetal,1
62.977,27.029,1.520,-0.0000,LithiumMetal,1
65.630,25.544,1.520,-0.0000,LithiumMetal,1
68.237,27.108,1.520,-0.0000,LithiumMetal,1
65.584,28.593,1.520,-0.0000,LithiumMetal,1
68.191,30.157,1.520,-0.0000,LithiumMetal,1
70.895,25.633,1.520,-0.0000,LithiumMetal,1
74.379,27.058,1.520,-0.0000,LithiumMetal,1
70.842,28.670,1.520,-0.0000,LithiumMetal,1
73.577,29.990,1.520,-0.0000,LithiumMetal,1
71.064,31.702,1.520,-0.0000,LithiumMetal,1
74.384,32.920,1.520,-0.0000,LithiumMetal,1
53.324,45.105,2.500,-0.0000,EC,1
56.170,49.217,2.500,-0.0000,DMC,1
58.152,43.808,2.500,-0.0000,EC,1
67.867,40.049,2.500,-0.0000,DMC,1
63.096,43.090,2.500,-0.0000,EC,1
66.087,42.743,0.760,1.0000,LithiumIon,0
68.536,45.004,2.500,-0.0000,DMC,1
72.422,48.151,2.500,-0.0000,EC,1
77.322,27.821,1.520,-0.0000,LithiumMetal,1
79.455,25.657,1.520,-0.0000,LithiumMetal,1
76.514,30.751,1.520,-0.0000,LithiumMetal,1
80.283,28.581,1.520,-0.0000,LithiumMetal,1
83.230,27.838,1.520,-0.0000,LithiumMetal,1
86.178,27.097,1.520,-0.0000,LithiumMetal,1
82.401,30.762,1.520,-0.0000,LithiumMetal,1
85.348,30.020,1.520,-0.0000,LithiumMetal,1
77.328,33.679,1.520,-0.0000,LithiumMetal,1
79.455,31.507,1.520,-0.0000,LithiumMetal,1
79.446,35.859,1.520,-0.0000,LithiumMetal,1
81.570,33.686,1.520,-0.0000,LithiumMetal,1
87.464,32.202,1.520,1.0000,LithiumMetal,0
84.517,32.944,1.520,-0.0000,LithiumMetal,1
83.686,35.869,1.520,-0.0000,LithiumMetal,1
86.634,35.127,1.520,-0.0000,LithiumMetal,1
89.126,26.356,1.520,-0.0000,LithiumMetal,1
93.397,26.393,1.520,-0.0000,LithiumMetal,1
88.295,29.279,1.520,-0.0000,LithiumMetal,1
91.243,28.537,1.520,-0.0000,LithiumMetal,1
96.253,27.694,1.520,-0.0000,LithiumMetal,1
98.378,25.521,1.520,-0.0000,LithiumMetal,1
94.128,29.869,1.520,-0.0000,LithiumMetal,1
99.198,28.448,1.520,-0.0000,LithiumMetal,1
97.074,30.621,1.520,-0.0000,LithiumMetal,1
90.413,31.461,1.520,-0.0000,LithiumMetal,1
89.581,34.384,1.520,-0.0000,LithiumMetal,1
92.600,34.718,1.520,-0.0000,LithiumMetal,1
94.952,32.795,1.520,-0.0000,LithiumMetal,1
97.896,33.548,1.520,-0.0000,LithiumMetal,1
98.716,36.475,1.520,-0.0000,LithiumMetal,1
78.083,38.576,1.520,-0.0000,LithiumMetal,1
77.088,41.448,1.520,-0.0000,LithiumMetal,1
85.809,41.669,2.500,-0.0000,DMC,1
92.018,38.705,2.500,-0.0000,DMC,1
99.537,39.402,1.520,-0.0000,LithiumMetal,1
95.145,43.573,2.500,-0.0000,DMC,1
92.229,47.635,2.500,-0.0000,DMC,1
97.765,48.134,2.500,-0.0000,DMC,1
7.219,50.805,2.500,-0.0000,DMC,1
11.355,53.614,2.500,-0.0000,EC,1
16.295,52.853,2.500,-0.0000,EC,1
21.602,51.037,2.500,-0.0000,EC,1
18.969,51.906,0.760,1.0000,LithiumIon,0
24.629,55.017,2.500,-0.0000,DMC,1
1.379,68.487,2.500,-0.0000,EC,1
3.662,70.173,0.760,1.0000,LithiumIon,0
5.623,72.231,2.500,-0.0000,EC,1
14.577,64.801,2.500,-0.0000,DMC,1
26.540,50.277,2.500,-0.0000,DMC,1
32.890,55.474,2.500,-0.0000,DMC,1
31.375,60.239,2.500,-0.0000,DMC,1
40.535,51.097,2.500,-0.0000,DMC,1
37.905,55.350,2.500,-0.0000,DMC,1
42.704,53.238,0.760,1.0000,LithiumIon,0
45.532,51.950,2.500,-0.0000,DMC,1
42.820,56.267,2.500,-0.0000,DMC,1
42.735,61.266,2.500,-0.0000,DMC,1
47.859,56.377,2.500,-0.0000,DMC,1
31.182,65.235,2.500,-0.0000,DMC,1
48.864,68.937,2.500,-0.0000,DMC,1
48.604,73.966,2.500,-0.0000,DMC,1
0.014,77.039,2.500,-0.0000,EC,1
4.490,76.583,2.000,-1.0000,ElectrolyteAnion,1
4.848,81.069,2.500,-0.0000,EC,1
2.140,81.613,0.760,1.0000,LithiumIon,0
1.365,89.625,2.500,-0.0000,EC,1
6.948,89.909,2.500,-0.0000,DMC,1
11.827,93.859,0.760,1.0000,LithiumIon,0
10.152,96.138,2.500,-0.0000,EC,1
13.675,91.648,2.500,-0.0000,EC,1
14.712,96.039,2.000,-1.0000,ElectrolyteAnion,1
14.121,98.501,0.760,1.0000,LithiumIon,0
24.328,96.032,2.500,-0.0000,EC,1
33.041,86.505,2.500,-0.0000,EC,1
40.361,82.746,2.500,-0.0000,EC,1
39.855,85.319,0.760,1.0000,LithiumIon,0
37.535,86.282,2.000,-1.0000,ElectrolyteAnion,1
41.471,87.396,2.000,-1.0000,ElectrolyteAnion,1
32.404,89.248,0.760,1.0000,LithiumIon,0
31.936,92.031,2.500,-0.0000,EC,1
29.094,95.516,2.000,-1.0000,ElectrolyteAnion,1
27.086,97.192,0.760,1.0000,LithiumIon,0
35.764,94.394,2.000,-1.0000,ElectrolyteAnion,1
33.085,98.007,2.500,-0.0000,EC,1
38.988,88.137,0.760,1.0000,LithiumIon,0
38.485,90.810,2.500,-0.0000,EC,1
43.659,91.327,2.500,-0.0000,EC,1
41.983,93.611,0.760,1.0000,LithiumIon,0
48.373,89.663,2.500,-0.0000,DMC,1
40.063,95.720,2.500,-0.0000,EC,1
51.918,59.302,2.500,-0.0000,DMC,1
66.972,59.437,2.500,-0.0000,DMC,1
53.046,71.675,2.500,-0.0000,EC,1
55.722,71.463,0.760,1.0000,LithiumIon,0
58.750,71.255,2.500,-0.0000,EC,1
65.405,64.184,2.500,-0.0000,DMC,1
62.940,68.532,2.500,-0.0000,DMC,1
63.011,73.871,2.500,-0.0000,DMC,1
91.317,52.548,2.500,-0.0000,EC,1
90.688,55.307,0.760,1.0000,LithiumIon,0
90.000,58.078,2.500,-0.0000,EC,1
79.071,62.720,2.500,-0.0000,DMC,1
89.072,62.991,2.500,-0.0000,EC,1
72.092,75.968,2.500,-0.0000,EC,1
74.857,75.483,0.760,1.0000,LithiumIon,0
68.531,83.378,2.500,-0.0000,DMC,1
73.528,83.323,2.500,-0.0000,EC,1
77.676,75.217,2.500,-0.0000,EC,1
75.658,79.241,2.000,-1.0000,ElectrolyteAnion,1
76.298,83.084,0.760,1.0000,LithiumIon,0
79.089,82.597,2.500,-0.0000,EC,1
89.108,92.751,2.500,-0.0000,DMC,1
98.898,92.797,2.500,-0.0000,EC,1
93.668,94.792,2.500,-0.0000,EC,1
89.735,97.872,2.500,-0.0000,DMC,1
96.282,93.761,0.760,1.0000,LithiumIon,0
102.147,0.343,1.520,-0.0000,LithiumMetal,1
105.099,1.060,1.520,-0.0000,LithiumMetal,1
101.180,3.225,1.520,-0.0000,LithiumMetal,1
102.035,6.141,1.520,-0.0000,LithiumMetal,1
104.134,3.943,1.520,-0.0000,LithiumMetal,1
108.049,1.781,1.520,-0.0000,LithiumMetal,1
110.990,1.025,1.520,-0.0000,LithiumMetal,1
107.087,4.662,1.520,-0.0000,LithiumMetal,1
110.066,4.056,1.520,-0.0000,LithiumMetal,1
101.069,9.022,1.520,-0.0000,LithiumMetal,1
104.988,6.860,1.520,-0.0000,LithiumMetal,1
101.926,11.937,1.520,-0.0000,LithiumMetal,1
104.023,9.740,1.520,-0.0000,LithiumMetal,1
107.941,7.578,1.520,-0.0000,LithiumMetal,1
110.918,6.974,1.520,-0.0000,LithiumMetal,1
106.974,10.458,1.520,-0.0000,LithiumMetal,1
109.954,9.857,1.520,-0.0000,LithiumMetal,1
113.620,2.548,1.520,-0.0000,LithiumMetal,1
116.253,1.028,1.520,-0.0000,LithiumMetal,1
113.620,5.587,1.520,-0.0000,LithiumMetal,1
116.252,4.068,1.520,-0.0000,LithiumMetal,1
121.519,1.026,1.520,-0.0000,FoilMetal,1
118.885,2.548,1.520,-0.0000,LithiumMetal,1
124.559,1.037,1.520,-0.0000,FoilMetal,1
121.518,4.066,1.520,-0.0000,FoilMetal,1
118.884,5.588,1.520,-0.0000,LithiumMetal,1
124.558,4.077,1.520,-0.0000,FoilMetal,1
113.619,8.628,1.520,-0.0000,LithiumMetal,1
116.251,7.109,1.520,-0.0000,LithiumMetal,1
113.619,11.668,1.520,-0.0000,LithiumMetal,1
116.251,10.149,1.520,-0.0000,LithiumMetal,1
121.517,7.106,1.520,-0.0000,FoilMetal,1
118.883,8.628,1.520,-0.0000,LithiumMetal,1
124.557,7.117,1.520,1.0000,FoilMetal,0
121.517,10.146,1.520,-0.0000,FoilMetal,1
118.884,11.668,1.520,-0.0000,LithiumMetal,1
124.557,10.157,1.520,-0.0000,FoilMetal,1
100.998,14.829,1.520,-0.0000,LithiumMetal,1
104.878,12.658,1.520,-0.0000,LithiumMetal,1
103.950,15.551,1.520,-0.0000,LithiumMetal,1
100.133,17.741,1.520,-0.0000,LithiumMetal,1
103.863,18.589,1.520,-0.0000,LithiumMetal,1
107.950,13.334,1.520,-0.0000,LithiumMetal,1
110.986,13.188,1.520,-0.0000,LithiumMetal,1
107.952,16.372,1.520,-0.0000,LithiumMetal,1
110.987,16.228,1.520,1.0000,LithiumMetal,0
101.474,20.469,1.520,-0.0000,LithiumMetal,1
104.909,21.443,1.520,-0.0000,LithiumMetal,1
100.505,23.350,1.520,-0.0000,LithiumMetal,1
103.446,24.104,1.520,-0.0000,LithiumMetal,1
107.030,19.266,1.520,-0.0000,LithiumMetal,1
110.066,19.125,1.520,-0.0000,LithiumMetal,1
107.856,22.191,1.520,-0.0000,LithiumMetal,1
106.390,24.853,1.520,-0.0000,LithiumMetal,1
110.893,22.128,1.520,-0.0000,LithiumMetal,1
109.430,24.792,1.520,-0.0000,LithiumMetal,1
113.619,14.708,1.520,-0.0000,LithiumMetal,1
116.251,13.188,1.520,-0.0000,LithiumMetal,1
113.619,17.748,1.520,-0.0000,LithiumMetal,1
116.251,16.228,1.520,-0.0000,LithiumMetal,1
121.518,13.186,1.520,-0.0000,FoilMetal,1
118.884,14.708,1.520,-0.0000,LithiumMetal,1
124.558,13.197,1.520,-0.0000,FoilMetal,1
121.518,16.226,1.520,-0.0000,FoilMetal,1
118.884,17.748,1.520,-0.0000,LithiumMetal,1
124.558,16.237,1.520,-0.0000,FoilMetal,1
113.619,20.787,1.520,-0.0000,LithiumMetal,1
116.252,19.268,1.520,-0.0000,LithiumMetal,1
113.617,23.827,1.520,-0.0000,LithiumMetal,1
116.251,22.308,1.520,-0.0000,LithiumMetal,1
121.517,19.266,1.520,-0.0000,FoilMetal,1
118.883,20.788,1.520,-0.0000,LithiumMetal,1
124.557,19.277,1.520,-0.0000,FoilMetal,1
121.517,22.306,1.520,-0.0000,FoilMetal,1
118.883,23.828,1.520,-0.0000,LithiumMetal,1
124.557,22.317,1.520,-0.0000,FoilMetal,1
127.599,1.037,1.520,-0.0000,FoilMetal,1
130.639,1.037,1.520,-0.0000,FoilMetal,1
127.598,4.077,1.520,-0.0000,FoilMetal,1
130.638,4.077,1.520,-0.0000,FoilMetal,1
133.679,1.038,1.520,-0.0000,FoilMetal,1
136.719,1.035,1.520,-0.0000,FoilMetal,1
133.678,4.078,1.520,-0.0000,FoilMetal,1
136.718,4.075,1.520,-0.0000,FoilMetal,1
127.597,7.117,1.520,-0.0000,FoilMetal,1
130.637,7.117,1.520,-0.0000,FoilMetal,1
127.597,10.157,1.520,-0.0000,FoilMetal,1
130.637,10.157,1.520,-0.0000,FoilMetal,1
133.677,7.118,1.520,-0.0000,FoilMetal,1
136.717,7.115,1.520,-0.0000,FoilMetal,1
133.677,10.158,1.520,-0.0000,FoilMetal,1
136.717,10.155,1.520,-0.0000,FoilMetal,1
140.815,2.245,2.750,0.0000,SEI,0
147.518,2.015,0.760,1.0000,LithiumIon,0
149.591,3.533,2.000,-1.0000,ElectrolyteAnion,1
140.723,8.591,2.750,0.0000,SEI,0
149.950,8.560,2.500,-0.0000,EC,1
145.483,10.806,2.500,-0.0000,EC,1
127.598,13.197,1.520,-0.0000,FoilMetal,1
130.638,13.197,1.520,-0.0000,FoilMetal,1
127.598,16.237,1.520,-0.0000,FoilMetal,1
130.638,16.237,1.520,-0.0000,FoilMetal,1
133.678,13.198,1.520,-0.0000,FoilMetal,1
136.718,13.195,1.520,-0.0000,FoilMetal,1
133.678,16.238,1.520,-0.0000,FoilMetal,1
136.718,16.235,1.520,-0.0000,FoilMetal,1
127.597,19.277,1.520,-0.0000,FoilMetal,1
130.637,19.277,1.520,-0.0000,FoilMetal,1
127.597,22.317,1.520,-0.0000,FoilMetal,1
130.637,22.317,1.520,-0.0000,FoilMetal,1
133.677,19.278,1.520,-0.0000,FoilMetal,1
136.717,19.275,1.520,-0.0000,FoilMetal,1
133.677,22.318,1.520,-0.0000,FoilMetal,1
136.717,22.315,1.520,-0.0000,FoilMetal,1
141.079,19.148,2.750,0.0000,SEI,0
101.322,26.277,1.520,-0.0000,LithiumMetal,1
104.267,27.028,1.520,-0.0000,LithiumMetal,1
102.142,29.201,1.520,-0.0000,LithiumMetal,1
105.088,29.953,1.520,-0.0000,LithiumMetal,1
107.213,27.779,1.520,-0.0000,LithiumMetal,1
108.032,30.704,1.520,-0.0000,LithiumMetal,1
110.983,28.387,1.520,-0.0000,LithiumMetal,1
100.019,31.374,1.520,-0.0000,LithiumMetal,1
102.964,32.127,1.520,-0.0000,LithiumMetal,1
100.841,34.301,1.520,-0.0000,LithiumMetal,1
105.909,32.879,1.520,-0.0000,LithiumMetal,1
101.662,37.228,1.520,-0.0000,LithiumMetal,1
103.787,35.054,1.520,-0.0000,LithiumMetal,1
108.855,33.630,1.520,-0.0000,LithiumMetal,1
110.984,31.427,1.520,-0.0000,LithiumMetal,1
106.732,35.805,1.520,-0.0000,LithiumMetal,1
111.500,35.129,1.520,-0.0000,LithiumMetal,1
113.616,26.867,1.520,-0.0000,LithiumMetal,1
116.250,25.347,1.520,-0.0000,LithiumMetal,1
113.616,29.907,1.520,-0.0000,LithiumMetal,1
116.248,28.387,1.520,-0.0000,LithiumMetal,1
121.517,25.346,1.520,-0.0000,FoilMetal,1
118.882,26.868,1.520,-0.0000,LithiumMetal,1
124.557,25.357,1.520,-0.0000,FoilMetal,1
121.516,28.386,1.520,-0.0000,FoilMetal,1
118.881,29.907,1.520,-0.0000,LithiumMetal,1
124.556,28.397,1.520,-0.0000,FoilMetal,1
113.616,32.947,1.520,-0.0000,LithiumMetal,1
116.249,31.427,1.520,-0.0000,LithiumMetal,1
116.247,34.467,1.520,-0.0000,LithiumMetal,1
121.512,31.426,1.520,-0.0000,FoilMetal,1
118.881,32.948,1.520,-0.0000,LithiumMetal,1
124.552,31.437,1.520,-0.0000,FoilMetal,1
121.515,34.466,1.520,-0.0000,FoilMetal,1
118.879,35.988,1.520,-0.0000,LithiumMetal,1
124.555,34.477,1.520,-0.0000,FoilMetal,1
104.608,37.980,1.520,-0.0000,LithiumMetal,1
110.232,41.422,2.500,-0.0000,DMC,1
104.296,47.208,2.500,-0.0000,DMC,1
109.217,48.109,2.500,-0.0000,DMC,1
116.246,37.507,1.520,-0.0000,LithiumMetal,1
121.513,37.506,1.520,-0.0000,FoilMetal,1
118.942,40.596,2.500,-0.0000,DMC,1
124.553,37.517,1.520,-0.0000,FoilMetal,1
113.396,45.292,2.500,-0.0000,DMC,1
114.592,47.949,0.760,1.0000,LithiumIon,0
117.096,47.892,2.000,-1.0000,ElectrolyteAnion,1
120.764,45.251,2.500,-0.0000,DMC,1
119.528,47.885,0.760,1.0000,LithiumIon,0
127.597,25.357,1.520,-0.0000,FoilMetal,1
130.637,25.357,1.520,-0.0000,FoilMetal,1
127.596,28.397,1.520,-0.0000,FoilMetal,1
130.636,28.397,1.520,-0.0000,FoilMetal,1
133.677,25.358,1.520,-0.0000,FoilMetal,1
136.717,25.355,1.520,-0.0000,FoilMetal,1
133.676,28.398,1.520,-0.0000,FoilMetal,1
136.716,28.395,1.520,-0.0000,FoilMetal,1
127.592,31.437,1.520,-0.0000,FoilMetal,1
130.632,31.437,1.520,-0.0000,FoilMetal,1
127.595,34.477,1.520,-0.0000,FoilMetal,1
130.635,34.477,1.520,-0.0000,FoilMetal,1
133.672,31.438,1.520,-0.0000,FoilMetal,1
136.712,31.435,1.520,-0.0000,FoilMetal,1
133.675,34.478,1.520,-0.0000,FoilMetal,1
136.715,34.475,1.520,-0.0000,FoilMetal,1
142.799,26.773,2.500,-0.0000,DMC,1
140.807,33.972,2.500,-0.0000,DMC,1
127.593,37.517,1.520,-0.0000,FoilMetal,1
130.633,37.517,1.520,-0.0000,FoilMetal,1
126.278,42.105,2.750,0.0000,SEI,0
133.673,37.518,1.520,-0.0000,FoilMetal,1
136.713,37.515,1.520,-1.0000,FoilMetal,2
131.765,41.674,2.750,0.0000,SEI,0
129.975,46.609,2.500,-0.0000,DMC,1
125.096,47.748,2.500,-0.0000,DMC,1
137.421,45.412,2.500,-0.0000,DMC,1
134.648,49.572,2.500,-0.0000,DMC,1
139.175,40.729,2.500,-0.0000,DMC,1
143.817,38.276,2.750,0.0000,SEI,0
147.596,41.959,2.500,-0.0000,DMC,1
140.439,45.668,0.760,1.0000,LithiumIon,0
142.971,44.024,2.500,-0.0000,DMC,1
141.180,48.749,2.500,-0.0000,DMC,1
146.110,47.915,2.500,-0.0000,DMC,1
152.533,7.399,0.760,1.0000,LithiumIon,0
155.186,6.469,2.500,-0.0000,EC,1
165.290,9.474,2.500,-0.0000,EC,1
169.740,11.751,2.500,-0.0000,EC,1
157.395,20.326,2.500,-0.0000,DMC,1
160.387,24.332,2.500,-0.0000,EC,1
172.654,12.678,0.760,1.0000,LithiumIon,0
163.245,20.230,2.500,-0.0000,DMC,1
167.401,23.799,2.500,-0.0000,DMC,1
171.654,21.168,2.500,-0.0000,EC,1
174.397,21.758,0.760,1.0000,LithiumIon,0
178.839,3.614,2.500,-0.0000,EC,1
181.070,9.096,2.500,-0.0000,EC,1
183.958,9.384,0.760,1.0000,LithiumIon,0
186.806,9.676,2.500,-0.0000,EC,1
200.002,0.933,2.500,-0.0000,DMC,1
196.501,4.503,2.500,-0.0000,EC,1
198.299,6.705,0.760,1.0000,LithiumIon,0
200.008,8.883,2.500,-0.0000,EC,1
175.518,13.662,2.500,-0.0000,EC,1
175.005,18.133,2.000,-1.0000,ElectrolyteAnion,1
183.067,15.618,0.760,1.0000,LithiumIon,0
184.816,13.712,2.000,-1.0000,ElectrolyteAnion,1
177.244,22.099,2.500,-0.0000,EC,1
183.517,18.779,2.500,-0.0000,DMC,1
182.033,23.553,2.500,-0.0000,DMC,1
188.101,16.783,2.500,-0.0000,EC,1
197.929,13.430,2.500,-0.0000,DMC,1
200.003,17.977,2.500,-0.0000,EC,1
189.668,19.176,0.760,1.0000,LithiumIon,0
191.016,21.619,2.500,-0.0000,EC,1
187.698,24.659,2.000,-1.0000,ElectrolyteAnion,1
199.903,20.794,0.760,1.0000,LithiumIon,0
194.961,24.695,2.500,-0.0000,DMC,1
200.001,23.613,2.500,-0.0000,EC,1
159.034,26.754,0.760,1.0000,LithiumIon,0
157.735,29.255,2.500,-0.0000,EC,1
153.768,32.299,2.500,-0.0000,DMC,1
161.593,31.576,2.000,-1.0000,ElectrolyteAnion,1
159.014,35.263,2.500,-0.0000,EC,1
161.337,36.918,0.760,1.0000,LithiumIon,0
163.921,27.119,2.000,-1.0000,ElectrolyteAnion,1
163.610,29.759,0.760,1.0000,LithiumIon,0
166.180,31.067,2.500,-0.0000,EC,1
150.906,49.375,2.500,-0.0000,DMC,1
163.710,38.416,2.500,-0.0000,EC,1
166.115,42.799,2.500,-0.0000,EC,1
178.387,26.975,2.500,-0.0000,DMC,1
178.117,33.103,2.500,-0.0000,DMC,1
186.302,31.600,0.760,1.0000,LithiumIon,0
184.805,34.012,2.500,-0.0000,EC,1
187.732,29.158,2.500,-0.0000,EC,1
193.279,29.403,2.500,-0.0000,DMC,1
195.465,34.059,2.500,-0.0000,DMC,1
200.006,31.591,2.500,-0.0000,EC,1
198.611,33.907,0.760,1.0000,LithiumIon,0
200.003,36.632,2.500,-0.0000,DMC,1
190.154,42.388,0.760,1.0000,LithiumIon,0
192.752,42.674,2.000,-1.0000,ElectrolyteAnion,1
195.595,39.057,2.500,-0.0000,DMC,1
200.004,41.628,2.500,-0.0000,DMC,1
187.873,44.276,2.500,-0.0000,EC,1
191.931,47.239,2.500,-0.0000,DMC,1
196.487,45.182,2.500,-0.0000,EC,1
198.210,47.411,0.760,1.0000,LithiumIon,0
200.005,49.607,2.500,-0.0000,EC,1
113.566,50.756,2.500,-0.0000,DMC,1
120.906,50.490,2.500,-0.0000,DMC,1
123.417,54.857,2.500,-0.0000,DMC,1
110.285,70.951,2.500,-0.0000,EC,1
109.420,73.677,0.760,1.0000,LithiumIon,0
115.189,64.752,0.760,1.0000,LithiumIon,0
118.221,64.568,2.500,-0.0000,EC,1
114.555,67.323,2.000,-1.0000,ElectrolyteAnion,1
114.762,71.406,2.000,-1.0000,ElectrolyteAnion,1
116.160,69.256,0.760,1.0000,LithiumIon,0
118.508,69.058,2.000,-1.0000,ElectrolyteAnion,1
118.493,73.973,2.500,-0.0000,EC,1
119.634,71.333,0.760,1.0000,LithiumIon,0
130.082,51.608,2.500,-0.0000,DMC,1
127.690,57.454,2.500,-0.0000,DMC,1
136.701,61.207,2.500,-0.0000,DMC,1
142.569,53.559,2.500,-0.0000,DMC,1
146.229,56.983,2.500,-0.0000,DMC,1
145.444,62.232,2.500,-0.0000,DMC,1
127.643,64.738,2.500,-0.0000,DMC,1
132.454,66.185,2.500,-0.0000,DMC,1
137.460,66.148,2.500,-0.0000,DMC,1
130.461,73.090,2.500,-0.0000,DMC,1
137.311,69.069,0.760,1.0000,LithiumIon,0
134.801,70.607,2.500,-0.0000,DMC,1
137.383,74.888,2.500,-0.0000,DMC,1
142.459,66.272,2.500,-0.0000,DMC,1
147.464,66.824,2.500,-0.0000,DMC,1
139.867,70.549,2.500,-0.0000,DMC,1
144.006,73.353,2.500,-0.0000,DMC,1
148.865,74.532,2.500,-0.0000,DMC,1
108.603,76.411,2.500,-0.0000,EC,1
105.313,86.088,2.500,-0.0000,DMC,1
103.448,90.727,2.500,-0.0000,EC,1
113.374,89.738,2.500,-0.0000,DMC,1
120.808,93.402,2.500,-0.0000,DMC,1
116.038,95.118,2.500,-0.0000,DMC,1
117.935,97.534,0.760,1.0000,LithiumIon,0
120.898,98.402,2.500,-0.0000,DMC,1
134.324,84.820,2.500,-0.0000,DMC,1
137.816,81.217,2.500,-0.0000,DMC,1
142.686,82.554,2.500,-0.0000,DMC,1
139.156,86.092,2.500,-0.0000,EC,1
129.130,96.599,2.500,-0.0000,DMC,1
140.403,88.598,0.760,1.0000,LithiumIon,0
141.686,91.141,2.500,-0.0000,EC,1
146.280,93.113,2.500,-0.0000,DMC,1
137.642,94.081,2.500,-0.0000,DMC,1
142.228,96.112,2.500,-0.0000,DMC,1
160.797,52.541,2.500,-0.0000,EC,1
161.488,57.492,2.500,-0.0000,EC,1
161.867,60.311,0.760,1.0000,LithiumIon,0
172.517,58.993,2.500,-0.0000,DMC,1
157.012,64.390,2.500,-0.0000,DMC,1
162.244,63.138,2.500,-0.0000,EC,1
152.920,69.486,2.500,-0.0000,DMC,1
157.920,69.558,2.500,-0.0000,DMC,1
159.487,74.872,2.500,-0.0000,DMC,1
167.040,64.552,2.500,-0.0000,DMC,1
162.708,68.116,2.500,-0.0000,EC,1
171.210,67.311,2.500,-0.0000,DMC,1
164.114,72.914,2.500,-0.0000,DMC,1
173.219,74.029,2.500,-0.0000,DMC,1
182.572,50.709,2.500,-0.0000,EC,1
183.418,55.636,2.500,-0.0000,EC,1
183.661,58.466,0.760,1.0000,LithiumIon,0
183.937,61.254,2.500,-0.0000,EC,1
200.000,55.991,2.500,-0.0000,EC,1
193.266,61.090,2.500,-0.0000,DMC,1
199.952,58.820,0.760,1.0000,LithiumIon,0
200.000,61.670,2.500,-0.0000,EC,1
180.264,65.263,2.500,-0.0000,EC,1
185.203,66.089,2.500,-0.0000,EC,1
176.510,69.629,2.500,-0.0000,DMC,1
181.487,70.109,2.500,-0.0000,EC,1
181.982,72.928,0.760,1.0000,LithiumIon,0
190.206,66.058,2.500,-0.0000,DMC,1
200.001,67.619,2.500,-0.0000,EC,1
199.917,70.401,0.760,1.0000,LithiumIon,0
200.000,73.196,2.500,-0.0000,EC,1
158.724,79.848,2.500,-0.0000,EC,1
154.871,86.360,2.500,-0.0000,EC,1
158.068,83.923,0.760,1.0000,LithiumIon,0
160.314,83.531,1.520,-0.0000,LithiumMetal,1
163.764,85.544,2.500,-0.0000,EC,1
151.069,89.607,2.500,-0.0000,EC,1
158.109,95.832,2.500,-0.0000,EC,1
159.619,98.312,0.760,1.0000,LithiumIon,0
162.911,90.469,2.500,-0.0000,EC,1
167.618,88.737,2.500,-0.0000,EC,1
164.035,93.030,0.760,1.0000,LithiumIon,0
166.593,93.119,2.000,-1.0000,ElectrolyteAnion,1
162.565,95.195,2.000,-1.0000,ElectrolyteAnion,1
166.347,97.628,2.500,-0.0000,EC,1
171.826,96.561,2.500,-0.0000,EC,1
169.095,97.210,0.760,1.0000,LithiumIon,0
182.516,75.694,2.500,-0.0000,EC,1
185.619,79.614,2.500,-0.0000,DMC,1
182.326,83.415,2.500,-0.0000,EC,1
200.000,78.189,2.500,-0.0000,DMC,1
200.001,83.183,2.500,-0.0000,EC,1
199.900,85.945,0.760,1.0000,LithiumIon,0
184.334,87.993,2.500,-0.0000,EC,1
185.339,90.653,0.760,1.0000,LithiumIon,0
186.255,93.316,2.500,-0.0000,EC,1
176.820,96.783,2.500,-0.0000,EC,1
200.001,88.757,2.500,-0.0000,EC,1
191.004,94.882,2.500,-0.0000,DMC,1
190.730,99.889,2.500,-0.0000,DMC,1
200.005,94.476,2.500,-0.0000,EC,1
197.502,96.002,0.760,1.0000,LithiumIon,0
195.285,97.827,2.500,-0.0000,EC,1
200.006,99.475,2.500,-0.0000,EC,1
7.594,100.779,2.500,-0.0000,DMC,1
12.174,100.158,2.000,-1.0000,ElectrolyteAnion,1
1.923,107.975,2.500,-0.0000,DMC,1
12.185,110.557,2.500,-0.0000,EC,1
17.482,108.535,2.500,-0.0000,EC,1
14.766,109.383,0.760,1.0000,LithiumIon,0
20.906,111.455,2.000,-1.0000,ElectrolyteAnion,1
5.666,114.458,2.500,-0.0000,EC,1
5.893,117.233,0.760,1.0000,LithiumIon,0
10.164,114.575,2.000,-1.0000,ElectrolyteAnion,1
11.954,118.700,2.500,-0.0000,EC,1
6.711,120.007,2.500,-0.0000,EC,1
16.744,113.871,2.500,-0.0000,EC,1
19.617,113.673,0.760,1.0000,LithiumIon,0
20.856,116.064,2.000,-1.0000,ElectrolyteAnion,1
14.723,119.139,0.760,1.0000,LithiumIon,0
17.581,119.145,2.500,-0.0000,EC,1
23.249,119.995,2.500,-0.0000,EC,1
27.756,105.786,2.500,-0.0000,EC,1
34.886,100.434,0.760,1.0000,LithiumIon,0
28.692,110.696,2.500,-0.0000,EC,1
33.836,110.788,2.500,-0.0000,DMC,1
38.296,101.706,2.500,-0.0000,DMC,1
38.768,111.608,2.500,-0.0000,EC,1
27.064,113.074,0.760,1.0000,LithiumIon,0
25.327,115.419,2.500,-0.0000,EC,1
26.141,120.008,0.760,1.0000,LithiumIon,0
29.010,119.874,2.500,-0.0000,EC,1
34.006,120.000,2.500,-0.0000,DMC,1
47.103,115.671,2.500,-0.0000,DMC,1
39.005,120.001,2.500,-0.0000,EC,1
41.841,119.902,0.760,1.0000,LithiumIon,0
44.607,120.001,2.500,-0.0000,EC,1
49.605,120.000,2.500,-0.0000,DMC,1
57.210,100.074,2.500,-0.0000,DMC,1
57.316,105.072,2.500,-0.0000,EC,1
57.614,107.906,0.760,1.0000,LithiumIon,0
57.919,110.755,2.500,-0.0000,EC,1
68.042,108.759,2.500,-0.0000,DMC,1
52.267,115.581,2.500,-0.0000,DMC,1
57.279,115.709,2.500,-0.0000,EC,1
54.604,120.000,2.500,-0.0000,EC,1
57.467,120.014,0.760,1.0000,LithiumIon,0
60.300,119.691,2.500,-0.0000,EC,1
65.293,119.861,2.500,-0.0000,DMC,1
70.290,120.002,2.500,-0.0000,EC,1
73.268,119.914,0.760,1.0000,LithiumIon,0
76.466,103.584,2.500,-0.0000,EC,1
83.781,104.570,2.500,-0.0000,EC,1
86.627,104.964,0.760,1.0000,LithiumIon,0
76.118,106.418,0.760,1.0000,LithiumIon,0
76.126,109.264,2.500,-0.0000,EC,1
79.786,106.636,2.000,-1.0000,ElectrolyteAnion,1
86.186,108.957,2.000,-1.0000,ElectrolyteAnion,1
81.983,110.557,2.500,-0.0000,EC,1
89.317,105.721,2.500,-0.0000,EC,1
89.321,112.189,2.500,-0.0000,DMC,1
80.682,112.985,0.760,1.0000,LithiumIon,0
79.200,115.390,2.500,-0.0000,EC,1
84.881,115.157,2.500,-0.0000,DMC,1
75.928,120.001,2.500,-0.0000,EC,1
81.121,120.006,2.500,-0.0000,DMC,1
86.117,120.002,2.500,-0.0000,EC,1
93.433,115.046,2.500,-0.0000,EC,1
95.245,117.643,0.760,1.0000,LithiumIon,0
99.772,116.766,2.000,-1.0000,ElectrolyteAnion,1
88.804,119.817,0.760,1.0000,LithiumIon,0
91.664,119.789,2.500,-0.0000,EC,1
96.657,120.013,2.500,-0.0000,EC,1
104.294,111.762,2.500,-0.0000,DMC,1
107.418,107.666,2.500,-0.0000,DMC,1
109.263,112.311,2.500,-0.0000,EC,1
116.149,100.165,2.500,-0.0000,DMC,1
102.387,117.025,0.760,1.0000,LithiumIon,0
111.877,113.396,0.760,1.0000,LithiumIon,0
102.916,120.005,2.500,-0.0000,EC,1
108.145,119.968,2.500,-0.0000,DMC,1
110.982,120.086,0.760,1.0000,LithiumIon,0
114.430,114.594,2.500,-0.0000,EC,1
112.599,118.703,2.000,-1.0000,ElectrolyteAnion,1
123.927,115.176,2.500,-0.0000,DMC,1
116.901,120.002,2.500,-0.0000,EC,1
119.580,119.945,0.760,1.0000,LithiumIon,0
122.621,120.003,2.500,-0.0000,EC,1
125.498,100.368,2.500,-0.0000,DMC,1
132.066,100.705,2.500,-0.0000,DMC,1
136.645,102.736,2.500,-0.0000,DMC,1
132.556,105.681,2.500,-0.0000,DMC,1
135.574,105.626,0.760,1.0000,LithiumIon,0
127.583,106.520,2.500,-0.0000,DMC,1
133.749,110.629,2.500,-0.0000,DMC,1
137.818,107.657,2.500,-0.0000,DMC,1
142.448,109.545,2.500,-0.0000,DMC,1
129.961,115.566,2.500,-0.0000,DMC,1
130.106,118.677,0.760,1.0000,LithiumIon,0
135.098,115.666,2.500,-0.0000,DMC,1
127.613,120.004,2.500,-0.0000,DMC,1
132.615,120.006,2.500,-0.0000,DMC,1
139.706,113.726,2.500,-0.0000,DMC,1
142.211,118.050,2.500,-0.0000,EC,1
137.611,120.003,2.500,-0.0000,EC,1
144.841,118.963,0.760,1.0000,LithiumIon,0
147.474,120.003,2.500,-0.0000,EC,1
155.030,102.192,2.500,-0.0000,DMC,1
161.489,100.417,2.500,-0.0000,EC,1
157.896,110.424,2.500,-0.0000,DMC,1
155.070,117.524,0.760,1.0000,LithiumIon,0
156.879,115.317,2.500,-0.0000,EC,1
153.625,120.006,2.500,-0.0000,EC,1
158.623,120.002,2.500,-0.0000,EC,1
161.474,119.998,0.760,1.0000,LithiumIon,0
172.673,114.557,2.500,-0.0000,EC,1
171.779,117.094,0.760,1.0000,LithiumIon,0
164.313,120.000,2.500,-0.0000,EC,1
171.047,120.016,2.500,-0.0000,EC,1
175.634,110.528,2.500,-0.0000,DMC,1
185.146,111.723,0.760,1.0000,LithiumIon,0
199.824,102.412,0.760,1.0000,LithiumIon,0
194.416,103.288,2.500,-0.0000,DMC,1
200.001,105.026,2.500,-0.0000,EC,1
190.464,106.350,2.500,-0.0000,DMC,1
187.697,110.512,2.500,-0.0000,EC,1
195.034,109.399,2.500,-0.0000,EC,1
194.954,112.237,0.760,1.0000,LithiumIon,0
200.000,110.018,2.500,-0.0000,DMC,1
178.123,115.068,2.500,-0.0000,DMC,1
182.714,113.095,2.500,-0.0000,EC,1
185.703,116.456,2.000,-1.0000,ElectrolyteAnion,1
177.308,120.001,2.500,-0.0000,EC,1
180.146,119.999,0.760,1.0000,LithiumIon,0
182.948,120.006,2.500,-0.0000,EC,1
189.999,114.950,2.500,-0.0000,DMC,1
187.979,117.405,0.760,1.0000,LithiumIon,0
195.002,115.010,2.500,-0.0000,EC,1
200.002,115.014,2.500,-0.0000,EC,1
197.479,118.044,0.760,1.0000,LithiumIon,0
188.550,120.011,2.500,-0.0000,EC,1
194.997,120.010,2.500,-0.0000,EC,1
200.001,120.014,2.500,-0.0000,DMC,1
